2.920524950237011
1.996145414672472
2.1196659080358637
-0.14499579247524885
-1.1765344908372122
-13.053607211814015
-2.3175558644011494
3.7386133101626324
5.80017948219008
5.031181905824756
2.4593574792630633
4.910866683511908
1.311612938875163
4.499683829639889
-1.0835557898096595
2.0112180912613775
6.806998279414526
1.816362041207752
-6.842777855742872
2.4872559818973867
-2.2473227586226785
0.48869526274646985
0.5811676177152413
-1.8709160823025957
1.0658352440810124
2.689656926664645
-4.491502600615306
1.4654024205039573
-1.4022191641377382
3.3240483705137773
-inf
6.17923869707538
1.0181420088647912
7.3401372744725855
-12.736956369387466
2.535664951699668
-0.9844835303146088
0.7415907635128128
-0.32894651860036983
1.8924333957794586
0.9089070233089728
4.110242113519866
2.6579742464686347
4.875497419992924
0.6561093192167679
1.1948370396347228
2.381601269107023
2.2193071439912972
2.15044143216464
1.3054777498020806
-0.26895775181610715
-inf
1.3503352404901012
3.885603371583608
5.2339938055008455
-5.089430100740496
0.14794390329863014
1.5352633932439261
-1.6109619271776543
0.5430376526869565
0.9371956478244533
-1.995209563873518
-0.951230395149119
0.13928272745309772
1.6101118803973717
0.9078465172319543
2.113799912116603
2.1891367806631346
5.659760820595051
3.2445176492539405
-1.3126725072260745
1.175586621997349
1.2163166651114943
-2.510704722012939
2.4062346667674888
2.4059359523272663
2.303024087888705
1.6944774536459495
-1.5192255296466048
1.6840673219004247
1.6173043443723774
-inf
2.6084605815769875
-2.1104798005721515
3.8663511000052218
1.5684297780027352
0.09007058350505956
1.174850133530407
1.7514763380716534
2.3668363813690902
2.4519742629410883
1.2828110074084635
2.0593528322973897
0.9445961839090341
2.1067165498611837
-0.038787468147807064
1.7926010028561656
-1.8707067640470707
-2.4448048622290024
5.850956076474133
3.268300432556253
-0.06242712126511496
0.6465645060158663
-0.3830255157491293
-1.4438112158588903
0.6000606654894705
2.265753493432179
0.3137411398261517
2.631458164336238
-1.1637078119138373
1.7222347957073607
-2.309240903332469
-5.857542151953583
-0.6591582522274116
-11.14388439177772
2.2077287133880548
-4.009012529200892
-0.040216743198397006
2.888370439251304
1.6111956807658354
2.581805674115441
1.880574693492476
2.1474825123938985
-0.858559575380547
-inf
4.116378219208272
2.760252336829052
0.9872904676364077
1.7073503239030625
0.7686019088498949
2.398087467746765
1.591971895552435
-0.4812935494954528
-3.931004982084488
0.15301574309714067
2.4943595275486397
2.337168220838584
-0.42998083835332135
-8.612601380378331
1.2056328695802347
1.3141671459286652
1.3065991372208778
0.4025394526790363
2.615239316643189
1.9919958405458882
4.294735343292568
1.280429342507451
-3.045104588735865
-5.329855738441279
1.290176507444577
-7.646319170367767
6.501809581877445
0.7166252536348643
-4.775509847834564
-3.692148107289884
1.3424527015270404
1.7923225559798275
1.9557549911347405
2.196380016822995
2.796194759653182
4.3650517145732275
1.9274673393810897
2.1689968177181305
1.534313039213581
-0.5903195163226803
1.9644236804091175
0.9277907439286358
3.1648541884774586
-2.8428972846608698
7.766237118830585
2.4945876293178366
1.4905864669935998
1.5197443571204394
0.5312794878299433
1.9694745157347593
1.7653732236780724
2.278564746271951
0.3830584038214864
2.163962701683704
0.9002620090771828
-0.9788462222440464
1.5592721788486175
2.6108389662191946
-1.2583758479071285
2.5224993341258966
2.593158042931322
5.225080163364562
0.8256930532449205
-0.2094752216043966
1.2372918389273955
-0.4940410920184043
2.5828869627891433
1.7747052489435817
2.528126710957487
0.5657321501076352
2.71130961698449
-1.6389080048531575
0.9534668444397973
-1.8629115934052614
0.2744000758264445
1.3797241680286256
0.8652603388345906
2.196177072638758
1.7588658627769371
-2.1601659370230135
1.55691206823846
0.30225397506258284
-1.4651704385191024
-0.7755390880998677
2.392538351168917
-inf
6.508263212879467
0.8291943658079931
6.329116458887835
-1.642824662989768
-inf
-1.6100866457401233
-2.2387581096890847
-1.6743468147773533
4.621834762728939
0.9075089400453563
0.4066623423489474
-inf
0.40210182928195237
2.756575727326745
1.0156491351038452
-3.1400090400761713
2.93056213273578
2.2111536525399704
-0.9624792210549492
-2.5204177328703214
2.3076140271843366
-6.686387734077758
1.678163131855001
2.1974473299072956
3.479330207119256
2.82539966841416
-0.5642889754088579
1.6243669109132293
5.152097124465982
-0.7553304125843704
-5.984977953578014
-2.4109304600529176
2.6061175547067927
3.706040095078708
5.666057670747244
2.0614574420102962
0.8912820892159545
0.28723554042022453
1.564650408407292
5.880185829630343
2.085144865801521
2.684305765506024
-5.025017969614092
3.0515154375046922
1.7861930047379557
1.2665247882058477
-2.510704722012939
2.4062346667674888
1.8272759310919588
0.7007484714051079
3.5763043490306785
1.4940210631596427
0.44267593380115267
5.963534081352386
2.7531188730249054
-2.12140987701129
1.9456667223299526
4.616705788860341
4.794497686569689
3.5888590907988194
-8.265137814304566
4.80911184715246
1.693127844701745
-1.968634864178374
4.768974587814778
-3.19355736641287
0.5445113476916382
-8.122811811247274
4.037801171437029
2.5138132656730807
4.3607495648775885
2.385722619890804
-2.971137109790005
1.4856867054393428
-0.314967626684369
1.1455106567362823
1.5541796957785412
-5.171683469623697
0.516961188814235
1.1295024474326412
0.7295995030071875
2.519335784082698
-0.5901213044138981
0.37497604891196656
0.7186210242870622
4.609304791403237
-inf
5.426935043362909
0.5736597121930759
0.6449010322397365
1.8341814119984956
2.386257582021761
-0.1197721220884197
-0.44690573158949815
-2.510704722012939
2.4062346667674888
2.627752640328324
2.0646432885279284
3.880404004978077
5.174839037928221
4.947156873813462
1.6804284095265907
1.438810741122226
0.7000436914635565
-1.3590756097614878
-1.1732412605566898
-1.4329653959035455
1.9039523837883279
2.009682675542538
0.7534908885604353
2.8760659035386777
0.6699114572074752
1.3576604851511895
-3.317397927474711
-inf
3.20005461257636
4.268126362140088
-0.3640992975086704
4.310364780067215
2.076253251107018
0.5398671560027429
1.6157001495291372
4.763379574501569
2.1369007756195817
1.0876279747190807
5.403201414661062
1.7804300898536267
2.865218140592977
0.10289048947518906
0.24936772545898755
-0.08349066855892133
0.9372897934988298
2.281917545598394
3.741524586958824
5.141160003727154
1.7036113702328575
1.3574221968259867
5.734118178687056
-0.5476909601817938
2.6239826056996156
5.465568870462417
2.5596943590727284
5.22652989721193
1.9617274767473931
3.814935668117249
-1.1513693028087635
-5.347508309387115
2.30653284216216
6.036361143029135
4.570686594582482
-1.3300882015844575
1.9117921194538343
0.8962046663705693
2.7127571813433025
0.9296370979822398
-inf
2.018967783162485
1.2375517019307551
1.9116507726191483
2.9992511344252053
2.2402836351596465
5.43022706531967
2.246418974402964
4.351036127294311
1.4967203500789337
2.1267067943150293
0.7818818874348277
1.0232703444446876
3.218205587634074
2.4625883872306487
-0.039268416116105404
4.562426668665395
0.2735318737934263
-0.844857553609217
1.8924346972262278
2.162077234947483
-0.002858690761143756
-0.4240211368429602
-1.5914664441253799
-inf
5.763770568661918
2.2150217029119217
-4.811702900067598
-2.412796471387753
2.2247746270879087
6.332668603414477
-2.735948688776918
1.1649621870583091
-3.657120496896674
2.849048826533753
2.0717110036512603
0.6681076584247375
-1.7383472132047317
1.415076972405924
2.1092980200921914
6.026271471561342
3.88474618613819
0.8877188783633574
1.1011495846516512
1.5932670738217056
3.468932564518818
6.794594498003624
1.6777349939096171
1.3451719502551045
2.5791541310798687
3.1192588760993676
-0.8028550528577388
1.9515012361489517
2.135154229112257
3.022656718482323
1.4701614349595886
0.7398371863918247
4.342151604531389
-3.758697575641821
0.05359692117014514
-7.399142899640091
1.7926010028561656
0.9414408390772199
0.8289127862271649
2.6073556298243
2.616703241828662
0.7686228182188334
1.7031248850917906
-0.39466031388393874
2.3486916104683426
3.804594580246701
3.343236561511601
-0.09190150108676687
0.6492328436192197
0.6012305057885524
-0.6119437394515769
0.7901225672273787
3.7182141544139493
4.096925936553783
3.1499729726623844
-0.030077156460127583
0.30299195428603914
0.9295131027655131
1.4271072293999292
1.7733826396175865
0.5096335730331549
-6.804424304487139
2.041558473924919
4.4622488629495
2.8990792444725475
2.1482211127981516
1.588114447324238
3.152895230212866
1.8154766134201155
-1.8271430812042397
1.1465282839849988
0.62440218067186
-3.274738586058239
-0.17112616698011468
-5.504818136539839
-inf
2.4825418733406814
5.116747867897163
-4.819482256139415
1.520054791712551
2.0265982785976635
-inf
-4.0236121247581265
-2.9817705730232635
1.559601835744482
4.820132938401483
5.9350860811310735
1.579548333915971
-inf
4.935869887598756
-inf
-4.06573028435047
1.3285067922639149
-1.3898695100458065
4.531608115138809
2.1641127932909994
1.6768264604795293
3.65896875874844
0.3281331756721478
0.36378342652212986
3.2074140963276045
2.484105551213273
5.9242352435052705
-2.6601639419589924
3.532847576063949
5.04594091163828
2.048700816551912
5.106671457140667
3.4885818303041116
3.6400410670186485
-1.6889783152342508
2.157095837120746
0.837179281480502
2.6611850768404315
1.3598958179947456
-inf
2.730861340113748
-1.0410802417213187
0.28092880331453124
-inf
0.08016172368901583
1.8889569428963677
-2.3535401523114365
-0.5769846663762733
4.7239364047161025
-1.986150391393307
0.7248708436901773
1.55691206823846
-1.0149019149666867
0.9905384239924805
0.5937990529081988
1.9408532382682848
5.393008807047518
1.7123252951426347
2.378799467142816
0.5686724176716428
2.5870694041277558
-1.2761885881864865
2.550317193100395
-0.8004657888559015
2.7258426608642408
-2.7517853086652613
0.7832183584286815
1.4933627055473446
3.8411541754758725
0.5629474017186783
6.005078844614122
4.426923951122787
1.0771209510928434
2.692719473860831
2.2217672679830085
2.9419678244605527
1.4939124938029926
2.271140667353794
2.207814351602404
1.8092064727243193
2.5975845193691467
3.5940718882184433
4.937278752219025
2.6575699308524725
2.0879648861869096
5.269092629629372
0.3717179897010339
2.931279402659849
1.473185873302866
3.109749661085618
2.32860833694345
2.3564809755912464
1.9865174149691298
-6.312649457830267
-inf
1.9408532382682848
1.9408532382682848
-6.770739793670153
0.5963301944433587
1.8360094924843395
1.1899999472207028
-1.6705370980929555
-2.0008658090022564
-1.4589969667308436
-2.399421674412297
-6.164016692087948
1.6136403098378413
2.066876974539307
-0.2951124527317953
-2.8837425160565626
1.5114366762605511
-2.302920625126838
2.874295478525068
0.7004934227597612
-2.174151244327822
2.4999458247341524
2.695960177936033
-6.323504633381843
1.6926743670553464
0.8924707041807978
1.502102950280514
0.8680055340647798
0.8645133036921017
2.407898783907595
2.6471395554205017
2.9966739764650887
4.355416947759811
3.786191284093505
3.311816312066727
0.30387601004280274
3.890947978562303
-inf
5.112348571148729
0.6279663630652802
3.816202031464833
-1.3218573574798214
1.494802060743061
1.2091461617339063
1.0846500491415252
-0.4944705261776893
-0.6000604562241237
-2.916511635682504
1.7745877336749962
2.21865150179568
-1.9429337115238456
-2.6040606695314144
-inf
-0.44690573158949815
-2.510704722012939
2.4062346667674888
0.7496250649401389
1.6290021947842521
4.9773363718795745
1.2105044248294279
2.167501182082025
0.9395440043517961
1.9499227249486888
-1.8369585399060075
-2.390239548212244
1.3426707507128415
4.356141629048462
2.533310612455522
2.4062346667674888
-0.8024310600561986
4.258982411507843
1.0392832651038881
0.9280366159907817
1.7242260291915645
0.9354057767467868
2.601742902626661
2.159587973908081
5.726866201153339
2.5059453380821437
0.6222672801755897
5.703054276054195
0.8041895741186132
4.907950985283212
1.9408532382682848
4.523800011200333
1.179432856844914
1.5629629699320995
0.9368314814823389
3.7653636960608177
-2.282689328696604
3.7200673065365395
1.9794849990111343
3.2155227642245396
4.225544411770563
1.1607022790890418
2.722129774207449
6.728111996144308
-0.11011118116761201
-1.8090359480299985
4.3607495648775885
1.5289507614682236
-1.1995491512081808
0.7512220737668535
3.059313453542604
-inf
1.21313987790478
-9.105216702539984
-0.6852581059082824
-3.763605888322453
5.04537252509591
3.5673282497398624
5.3239221445485905
0.7966804942582276
-3.097165160363427
2.2457705249512454
4.055123493018873
0.5648410773898837
2.597981882328546
1.7232061699676269
1.9097134623943708
1.5510269573537387
3.58086986900783
2.087535120983302
5.0734288096284965
-1.1883529946023705
1.023262041341911
4.844261062228725
2.175977964691205
-6.2977584919607725
-0.4035096957944177
4.080388007223538
0.6799802945094782
3.9257960845318314
-0.13668564614167666
1.6392337279833142
-0.20273996926378515
5.97162277989781
2.9017693459298046
1.834968433569518
2.871876226889027
1.764261782176196
2.0280097013152374
1.3990107502675941
1.401685474408335
4.527461698768097
1.5198438314804468
0.9932075275467125
-0.39920731868682424
-6.636869447213423
0.44984480049903286
3.2802899172237647
-2.203411430513383
1.4467807404723365
-0.8241496831484038
0.2825031596336747
0.3431575365133418
0.12413064660663486
0.9607017038351792
-6.009103519308527
1.364457501243095
0.12210779346875003
3.662686121372852
-3.96094069254557
4.239809087554368
0.6895869518972461
4.670731937621333
1.5233693328301279
2.6992320004281485
1.7774664508873805
2.114019903854863
2.128342156305886
2.2774222644859776
0.1938792212437209
-3.9784862955507836
1.645121418194031
1.9305397111796827
-1.3587305477077682
-2.1734026250233036
0.7587113813440413
-1.3587550547904212
-2.458637364351689
2.349697832876389
3.607599402634217
0.24297810383225302
1.3289542450097838
-3.094505596135809
0.13634939126137566
-0.2646057370474934
3.015337095780822
2.909577750230743
-2.5526834372036684
-2.0440383700109606
0.9294024066222136
1.1539996839440592
-1.6477465594154386
0.9419972725306024
4.856629725049175
4.165465803643015
0.8937096269611805
2.2605400628682952
0.8723989689529846
2.0580032777940396
0.9826697677993449
2.7295401585181756
7.140927072270087
4.02755405878554
0.7228642340865009
2.609351439914917
2.8861531364393884
1.103593243836098
0.7447188834574461
1.1788796757180489
1.2276159528673956
-1.3289289136143494
1.7221160561143825
5.160657033314561
-1.0933719512685687
2.32044664825618
-2.742758923007538
5.66640881962704
-0.42708462273399206
0.3499017370750871
0.2969720598308628
-0.8681604047316697
-1.7450698298760567
1.7033599849059688
0.7228642340865009
2.2420796370639215
0.8711101684408263
2.179193042838686
2.021836983352534
-1.0719067259186374
3.1448566619159237
0.03943629121695044
0.9736580309825272
3.4148891915010204
-6.66396717888198
1.9458017455042456
-0.33202022473644177
-0.018722333017042403
4.206486180701727
3.2144359183177307
0.39694510569938923
1.0455506076435892
-1.0488653713408922
1.6183967514135302
2.368584632342733
2.7980536097469195
-0.4162552296655701
1.3954084167650986
3.2933855366946414
4.363927535763628
1.4238400542228398
2.8920541801256894
3.617473856433878
-3.7636905720369693
2.4560824512723443
5.38546387364747
0.4713981182141534
2.8123660925001337
-0.7697036330326134
1.4878834365420373
0.9118820001838067
4.00329766680739
1.9408532382682848
2.9889284342413376
0.6020512002991606
1.661607999050739
2.495655960390074
4.009396085025079
0.3952590917888922
-2.3430463002031168
-0.6498746683384006
3.825428002563223
4.270572213518144
-1.8955687437238993
3.108268140545256
4.6825793959452096
0.6979197581057633
5.308701823594869
-4.679889945665381
-1.8638795100143473
-3.3772910799541913
-2.8326796162080288
-inf
2.4539049529615986
1.689142694467801
0.5846162202912413
6.070734742958062
1.7559404347579683
3.5231227203295568
2.495968843622881
-0.7351814389792355
-0.49297272534906117
2.952197264484461
2.05584055871293
-10.539851543305819
2.294746670589255
-0.3275553275998594
-0.07069011403727057
1.0052058223717735
-0.4052874732099788
-1.1931289785099612
2.504631382172855
-3.354057745706463
2.0066880578486375
0.5286285625176463
3.22832341600758
4.639998218565494
1.9408532382682848
1.3954084167650986
3.509598278215127
-0.4249677922045866
1.887940034023099
-0.48565734823620715
-0.06770509040080579
1.6985046992140653
0.5159692844980143
1.0445954513260054
0.5981093157970101
2.7095920571591847
-inf
1.5560527617414572
1.490132236323794
-5.666306886698624
2.0402836247614906
0.8470337665304851
-2.4878443041455554
-8.000241542779964
3.1777120825742893
1.208516114223245
4.035323289975199
-0.05833309872427042
1.8328769571972652
3.2684096039732364
-inf
0.5403911639911488
1.9347778680325232
0.3950848406544626
-inf
-inf
-6.791237953561405
2.3673725681465205
0.9653879707901379
0.7979469987719708
4.0410417374009135
-0.1941155373039335
1.433131316264456
-2.003490970051562
1.5867132438774192
4.822637827927625
2.2587526462251613
-0.6227947947801559
1.1692701421289502
-1.0242485842487254
0.8531645953766245
0.16227246769346357
-3.5824081033672446
1.7190628380790702
-2.8709836327740095
2.118939765699814
1.086066316898535
1.583231098632093
-4.703893570795772
1.341625968298814
1.9823819964906668
0.6670871515702139
-3.5466474733003164
-0.7160438922100806
1.175586621997349
5.603899059520511
2.1801213499840664
1.5871352830481091
3.6628762777939334
-4.85459497297155
0.13384283704321548
5.875386664533943
1.0960902841970501
4.49320367692795
0.15192520891179762
6.1980102838202855
2.2333711726655787
0.8199821252216438
2.150230658853366
-2.820286603613523
0.06882701454776059
3.8349473015242648
-1.946311270150562
1.6808786552314814
1.1202582966160668
3.5251772357877185
6.337046560594541
0.22648090093241652
-2.054519495153459
-1.4763993010980143
-0.1767225276243529
-0.6251752578490174
2.561693770728312
0.8348131702216351
-inf
1.2292992958146047
2.697396290867501
2.1809081728457573
1.2612109911521037
1.1294748883390322
3.881100533277288
3.228289545694369
2.8203728785144406
6.402021797016949
-1.2586664970706116
1.9408532382682848
0.9950438650861234
2.7032823843544493
1.108493778763755
1.9561494059916251
-inf
0.8570379825526578
-0.24252774088419227
1.7056386475596506
1.3020495191660686
0.9298090432810981
4.104063235814188
4.3522921720074175
4.1474661691302295
-inf
3.4815171467186365
1.142493719960346
0.779473492232413
5.94700134663619
-3.37975657628706
-0.05679169255903449
5.74076303313771
3.745825228230915
0.987300874009278
-2.0820181920758003
-2.4125321348106503
2.380797093257317
1.7241954622114437
1.55691206823846
2.9287766969431783
1.0539155326915361
0.8201230974134673
1.0955203820058477
1.1589008243450132
0.24853704170588906
-inf
3.489494511651894
6.052468712623704
0.536317517730912
3.0124714135772135
4.739427559096699
0.8387066200410936
0.17633612951051264
-1.463200733995233
1.8971761348063547
-11.942318055467721
-0.16306141856174305
1.8747591844345042
1.4735840064765853
2.0245067076706174
1.5071830463360003
-inf
1.7097558287846086
1.491250908119677
-8.506872351332708
3.0640257937996425
2.8573775688424
1.7928894270069011
-1.6829799995337025
-3.694155304880884
6.45032082832751
1.2311549064536687
1.9617839762008782
0.7341697588009243
-1.4306695798911604
0.15586836952570246
0.7759402749872372
0.1078791878745278
2.9873116707968297
3.2751614544423364
1.8983395964016052
-3.432858345389197
0.10150704033974337
2.093470891258215
6.058540687660818
2.3735665846200695
1.3786837691504485
-0.24387949586788754
-3.7213892520926057
1.1899999472207028
-3.6391092456320946
0.9806913272214489
0.17350473283301515
1.178502868926772
2.2775896917719884
0.7217516184591787
3.5366750074985447
1.979082623032508
2.383446253390752
0.9956167462561829
4.942101264038548
4.557384059077425
1.9408532382682848
4.100081927386134
1.1407027549077926
1.8227194035061764
-0.0338543191711812
0.02982304473044492
0.9170282469090923
-9.01190379062543
4.291627622222338
0.873066452113072
0.5170581863246985
3.066880204131552
2.4545419757978006
-inf
3.5215711311969793
1.2083579995292468
0.7410987159852748
1.7089758583589862
-0.3172561953022238
-4.068617427646831
2.8276055950090884
1.0000271818961393
0.9624021905236173
-inf
1.8831431009797268
0.3952590917888922
-0.636819191843872
-6.696145138034266
2.0112180912613775
-1.8753130315529698
1.8889787066117165
-3.9895257380995526
-2.6146260439652704
-2.8326796162080288
-0.9364490044464655
1.6494968883968344
0.5863164327594405
0.8139710367437676
2.6417436127411
5.9134589041181815
1.554632183663976
1.1337813729408213
1.9289724720989014
1.9628230655688814
0.2647960717850898
1.1054488936461215
0.6287213426589121
1.415362008537132
-1.2096118238113343
1.5532201480481016
1.3861811414132181
0.9018789099625137
-0.6673647306844207
3.721042080144297
3.155442417657051
3.784482289766686
1.7715364339785227
3.7789493667484835
0.859752234554961
2.916037748222916
2.32485002067094
5.898214350989636
1.6582704722532349
-0.3313861705366061
-3.7775283160225386
-3.614858060728304
-3.010240641880644
1.1831433432279028
-2.0176950335185166
5.862364382270475
-0.6895767150579756
5.150715727015642
-4.015961609362653
5.315994871009507
1.8349749942042832
2.04770832845907
1.4275016882670057
4.924905139327625
0.7399771779528256
-2.089477022167539
-1.9673254045875974
2.5673719858468145
4.558876879437426
2.5975883302923632
0.8981646324517415
1.3149239104378572
1.5541046600103812
0.6995449922299081
-1.6186148726895269
-0.35030011088576035
5.465548800404158
-15.652184313029856
-3.247020990103532
2.2643186691633965
0.09500422763712824
4.302340714010684
3.7157381021164393
1.1015628414442165
-0.602771949469851
3.9201252170623544
6.146074405006945
2.1919540130729662
2.058199125434789
-3.588455566889897
4.369923033935538
-6.453833149091666
1.0996065405756656
2.064152362224057
1.2229652668881867
1.621979566463764
3.387051493579432
4.236893576073053
2.42304632246345
-0.19344887830193758
1.1899999472207028
-3.0297487388584745
0.8161984167094606
2.154083733979545
1.865612634803604
4.3577343434705185
1.0056614200548806
1.5419290418511524
0.8537163209832584
2.1377185516955417
4.669126264992423
4.277132935051813
1.545536473216885
2.574376467721113
6.046826011327926
-1.3619197722582745
-3.2344865084609005
-3.941554036538106
1.3513372351485224
1.1926568692156285
2.685402387620113
-2.4771571205701157
0.02939530239241435
6.9765024606644666
1.6605282259647345
1.7046630357259231
0.5942191695338942
1.5445519142001496
4.188120802708053
6.298066708468861
2.8237045296576757
-inf
-2.28144232652524
4.77894060572465
3.8747206047356455
-2.50674257926556
7.728817160431589
-3.2778960256450205
0.0054859740920150946
-1.1513693028087635
-1.9733617787528792
3.438529016153085
2.849418077494895
1.5107009900510113
4.561802089254807
1.5327493621332833
-1.2584207922738675
3.9442500704319174
2.9687905182323826
0.45041777880495465
2.555241975284614
4.969459500974902
-0.0406038963452193
2.5186181992481567
3.0645327650072773
2.1145791236571654
5.267918262485434
0.5787377359097364
1.60997163443993
-0.09965962594637082
-3.0002054242979006
-0.5693194243458318
-0.1361364997704061
0.519891836030448
2.0370540304988727
-1.653020707102778
0.9666822127163541
5.51805386028764
1.897990282019159
-2.227978094931133
2.0697628742279672
1.3071356301594748
1.4412796020567529
-2.022638768469326
2.0694124048739346
1.156021629893738
-inf
1.6640996635034813
-3.1139044060488064
-7.256166249388
-5.503670378261262
-6.287904219017572
2.284539634692732
-0.13108864633491735
1.7621978849782338
0.5036263050151542
0.8583790595076657
2.967368746796721
-0.3765895626640653
-inf
-inf
-0.03204596715328392
-7.223131786091264
2.234721325802151
-0.7704950761098993
0.773200675338043
2.4005897943735546
1.606267979267859
4.463783147484594
-1.5633793312426376
2.7284051710385593
-0.37499428369509447
-0.2678497190179345
-1.3425059768250658
2.2587526462251613
2.6245829291933798
-3.7366640651499585
1.3992260087432942
4.973302736377281
1.930818850479777
-0.4845963430173565
3.665520962127067
-inf
-2.5042288092596174
4.556379127407925
-0.42542535879439075
-5.021359764847296
-2.4593076762128327
1.6741186254561466
0.3570543772635276
0.3794505840175203
2.1407345649634735
1.9304289453145074
2.4123878999399597
3.7308964894621313
-3.410388987376493
2.3368403330051697
1.7282938531998353
-3.37091896327454
-0.09535310819320811
1.42592005158057
0.8765760722600122
0.784454702639748
3.1699536196493256
2.2685232841286602
4.921096826698644
4.106981682162091
3.8008518024404925
1.4550544521755455
1.175586621997349
2.2207954334523707
2.3190399211369224
2.1588313839846505
0.09256547920079108
1.248084796412655
3.192163541470009
3.204431120928935
-inf
0.8645133036921017
0.7982587335592629
0.9995256576937359
-4.727653337245338
2.0844292616163917
3.078394948863993
-inf
-3.222350510343791
2.6364860759338753
3.69986760187598
1.5083744737246603
3.972271941056107
2.4760350458176603
-4.103652455372563
2.3772754422934956
7.310606849483272
5.673345939820804
-0.7871985664198956
1.6130846968832764
-2.358806967011696
0.48820395402125005
-1.5417554067362444
1.21313987790478
1.6107135012853286
6.216758863773131
1.191142107027266
-4.182380081701567
5.139257454727751
1.7613913618968708
1.6446460303184862
-0.7257336711100763
1.14908948726023
-1.2171502181948897
-2.867407838783422
0.8292305305399604
-0.8085630100577855
-2.0560958096381885
2.247558245422306
-0.4098537492408853
3.093808726727354
1.0070522298822968
-1.871802205143
3.4505050389781173
1.1990658597152262
1.842110145905339
2.3298957528290396
-2.9564181857950818
3.6713731936955885
2.2921751455069383
2.4274449230400226
-inf
-0.7450154689857401
-3.299888371743313
4.424666938145536
0.7040795082631414
1.177421344359423
4.822115748212554
1.6660896509037706
2.929123454102924
0.24138659811671828
1.7273036787848854
3.5215711311969793
1.9987090602190913
2.329253349048334
-1.7329610813131806
0.9421153896074584
0.791606738081331
1.1475287555022087
1.7425883933253188
4.223557369374737
5.4592988085881675
2.3629523607931153
1.646750768842247
-2.62534443119718
-5.758163118340362
1.4655174803934887
-2.7917241840877813
-4.403523794580516
-1.7502774904956149
4.070779508511195
1.4292957349792526
0.8945253708886757
3.59374097866369
2.0782124585892947
1.0390777264912583
1.3361691508909548
-1.851739006463741
2.9678533375526572
-3.8155374128225215
2.3947816595743365
0.37687137816837424
1.9698959271402414
1.396280919382587
-10.833705251672505
5.47714669894342
-0.2917659437425836
-0.5925192959347951
2.6412166369577954
-1.751193184571777
1.939416690231431
2.456554437313831
1.5398998034905271
0.48981625604332113
1.355556436455497
3.3259270850053273
-inf
-1.4777624930781552
2.401144306884766
3.058579488928105
2.7149109973475007
1.9446324636892882
1.7123767550796474
1.5978958170394446
2.032494530820059
-1.8617273797574838
-2.1492650491890757
-2.5232054052873885
4.150758414964191
1.1262574354148427
4.189634540013525
2.389489951916447
2.3083109079740063
-0.8492735243172235
1.5968888783108028
0.3760101317268881
1.991644058116294
0.7596453561117064
3.907284101688672
-0.12121627989950745
0.765846227399713
-2.1194931937997907
1.5933054001474247
5.617261297412875
0.7683474030519529
2.6072017353367736
1.152174726235727
2.585785202060693
-0.1968958071935517
1.594821020445181
1.7780591675670174
0.12293060618584561
1.2569080355392654
-3.0350053559523253
-0.007823026823658954
4.605579007824104
-1.4470000961574199
-4.7286865646879
-0.37099377486999907
-0.9986564010971998
4.580073208735515
6.105708909382968
2.1392112070274325
1.438540425954094
1.2994652125001913
0.5314850738883491
-3.2947896782141206
1.521358145000364
5.165293465013632
2.104061361165767
-2.369946154070571
3.5233083082764645
0.7952728715383802
2.4537555088660823
5.80932153850392
3.812025733998798
-1.9789774624894467
3.7033752006585434
-2.902298140441935
-1.353237031360714
1.5677877419201824
2.910660156690053
0.9853269476546856
2.7371085439935308
2.9260885185120804
2.1568250454654554
0.6539071252054366
-2.4051282983335738
3.9107853187090678
1.9408532382682848
5.06456643538851
2.0214678136409217
5.531082874458028
1.8710415813564234
-1.7157809261245187
-0.5617096015899375
3.583911601957094
0.8220941467877517
0.5057351203703764
0.3433040153979102
-1.186806971223597
2.911769852301597
-1.0824106504384958
5.524867283408486
-0.6799430066495035
1.1364878736384583
1.3015335282302467
-0.610315992993406
2.0693586575186087
1.7498261980539265
-inf
1.761629617114321
1.715361531989232
1.175586621997349
0.83038705645145
0.834383377888026
1.0654828486726584
-7.892976630523103
-0.545602297257714
1.2690743882914741
1.4634721258162267
0.7933823700977499
-0.6379672382922493
1.2668768513830027
0.5522386352186256
-1.950428154023276
0.05818557420038792
-5.700186734736712
1.7440687173803398
1.4290201375724605
2.4493084468538586
2.9094308956048165
2.4905861600010146
0.692247145837022
3.138791448467736
2.1187938850830577
2.8715082548758106
1.0469958153711434
1.4374362993468734
1.058753379969689
-0.7035579129128277
0.9175339524133658
-0.19118801571306052
2.7234362554667433
1.957538440346648
-1.3474345808397428
3.2770238148065802
2.630866861952895
4.879185975538536
0.08899750382891847
3.4208619162565075
-3.6705433691606606
1.4675211198672329
-2.806704936219715
1.8096636981549212
1.559323877776392
-4.753747152845082
-3.7913341801617166
1.3778836800818326
1.618512071115481
-inf
2.4263591490040763
-inf
5.242036363648965
0.034332559373505184
-0.6042682036238697
1.1995976211324557
-0.06497328581301356
2.808713658023491
-3.9441630800937926
2.1727982679886844
0.7113684327911004
1.7409820642473999
1.4563087740070924
2.412206172531949
5.763149405021018
-0.6929912877084484
3.0092525013895837
2.581478245504935
-0.7752658550472894
2.780184804396398
5.901413408892209
1.593214605932087
0.10892080374087718
4.441998507756826
0.35771341091310976
-0.4298343995733448
1.7656153242617922
3.6409432133187805
2.5179292903705983
2.5326153698588696
1.902684918246364
1.6291630080683452
-3.2200087787301515
2.1337918139460896
0.7323397880207806
6.631917207869724
-2.3686812513545528
0.9865009505551289
2.6787169467027083
3.64568886655256
1.8930536835289085
2.4631848339092173
2.311223339349886
0.948152318397521
0.05708843764295268
0.1317768157791036
0.8154387417739651
3.9214967079184713
0.9910071644278234
1.8936723201378896
0.5455739322260894
2.296241036486964
4.225598640981237
-3.1870949610254913
4.875872607926996
-1.0483996903667954
-inf
1.1977602171451533
0.7569127136252597
0.09870135597138943
0.6862356563117525
4.573130631359043
0.8435636481158085
1.5703754911659642
-1.6698503541184215
2.5237910356947997
1.3951468037796095
2.944150907157276
4.690314458660084
-5.277646862225163
2.5382058893742645
1.5577121126663025
2.252352641290292
-0.35516516232558
1.49456800740643
7.2161483029417015
4.34042700551551
5.104381807551317
0.33586620877242696
2.7239600545468483
-2.785103455665932
0.9777713007495322
-3.4056517614895028
0.8557478421293637
1.915667767964142
2.181433862658803
2.3229446756040657
2.014181208354427
7.7776452013170125
1.4157864586154802
-2.6524777323330895
0.2289779970031445
2.694705640500584
1.5411485183530458
-1.0821447687534538
-3.6797575612761113
-1.0515992025161518
-6.023982397436078
1.0092627051599625
-1.4427781053861535
3.2333478742484796
1.6833136219243232
0.12578816254073516
0.2457531896591561
2.3054706631684168
0.024206014116437777
-1.2872607013439645
4.203451681694802
-0.15469772646878605
0.7756441726507494
-3.702478341055988
1.0256437341846556
6.138235024309899
1.1319900478240887
-0.5619059029706159
1.0917114993499275
-2.754697197668359
1.5699982160786623
0.9006491206761422
2.035928968237236
1.9241714926699387
0.7010529608342765
1.4371798053505533
-inf
1.2306088672302102
1.3320946271734462
1.9792420734043397
4.461651448904081
0.07045842378141345
0.9880117559532112
1.4087717506500637
-1.1222265652735932
5.7403243749831185
3.6950156032486943
0.5045195648489497
2.4087053483952543
-1.580292892195987
2.6678692209828596
2.9634894845656796
3.150451286876936
-4.114158460956049
1.4841917195082777
1.6521523140606034
1.098880881719184
1.5470319241538817
0.20813930148355644
5.4255550033973545
-2.298325246238644
-2.1854425199222134
2.4728531599918875
3.409337763643269
-7.387120198915341
0.6072460694426057
0.447105458958745
4.913327243234705
0.6887679148717346
1.2111876316113266
3.0984893506966484
3.488025163489808
1.515620633660081
-1.708022579189583
0.30266075839278217
0.003635752236935977
3.9825562677244672
3.279160304808337
2.600947507450014
5.289519023600224
-1.1855730122823844
-inf
1.3673087505320929
3.560084994777908
0.47572436313106486
2.541528374732495
-0.6006029287331721
3.3219916557854816
0.08220531878862944
3.177408708742859
3.0332433072612877
1.3040336852677568
-1.259100206509959
2.6281429175340416
3.76346308443678
5.73443893331429
0.7489985362644268
1.2736942384305119
3.2326954332970175
4.9651301965050685
0.5035654218932256
0.3528057114338821
0.6318224039652299
2.9897669856797457
-inf
-2.923093375750958
2.299360894088613
0.4724096156691898
1.0433361932199023
3.072310033495156
1.0336848338411473
4.676302291317279
-0.6220306912189951
-inf
2.3349693014441373
4.1105898485384245
2.5952280274739525
2.0268555214750723
-1.4036438011425296
1.1860235225760918
1.270780459623172
-2.0242138362606776
4.331982880265851
0.8447122856373587
6.327551537355548
0.36517474557764007
0.8660144519079238
1.8360094924843395
1.0348755345031406
1.7972827426293951
3.2300751326344184
1.8724229262486156
0.9456051883027653
2.293410870627873
0.18638192802114587
2.1777288106636243
1.8364084733331327
4.508757072724609
-0.10702334094281044
3.950292651664893
4.165382923836131
1.8095143793566018
2.901092521807074
6.726568625012932
0.18942060595232413
2.7268379633070015
-0.15073366849121858
2.4465466201014454
1.3303352676399347
-inf
-0.5145536064755448
1.8821226197519516
0.9663957109681971
2.9814910638893313
-0.5165355454020276
2.8015976994629677
5.052678985653694
-1.888095510694399
0.32531198294257774
0.5270443184194525
-1.1557309651008834
0.9461607584163453
3.845485215255887
1.754686597452428
6.191745942761227
0.32494298763355506
2.3370839704516913
2.572773758457367
-1.1907724783190738
0.15184259325466434
0.5370813624454787
1.9741352524371598
-2.22194524787479
-inf
1.8224986136506207
1.6991309805662307
5.7917201184402325
1.271064149670087
1.0436177772532649
5.081136674510706
0.6923227842592814
1.7497675222067213
1.9742298431674008
5.914515079547278
-10.356748769218111
0.6475244645227347
-2.510704722012939
2.4062346667674888
-0.9170669975832294
1.3388300620269142
3.035282837226604
-0.21874918074922092
-1.713372091249934
-0.16258660279395926
-0.8766529114727194
-0.9988644157250645
0.5593297784887085
0.08007744605576572
4.250972758851957
-4.6119903618883695
5.365195182182019
1.2667117802214836
1.8364084733331327
2.2306764976029543
0.6814997706494591
-0.557883658904232
0.476841073778745
1.175586621997349
1.6298538923198305
2.558995801268579
2.591505625894834
0.7312121890991484
1.7107029674837424
-0.4035096957944177
1.9060808828276037
0.643510460255215
-inf
3.0952576414968567
-0.33395772119524064
2.2401573241373365
-1.3242061180235956
2.1733896680412172
1.9108068425484679
1.9630866265667448
2.63356432228532
0.995184927582693
0.9856196604583993
1.2644874771417178
-1.0376394058893244
2.8742013205339916
-0.23086456581962284
1.6233417968303883
1.064520171525395
2.4508597111457124
5.476710766359832
2.4532926879870667
-0.7325299067112095
-6.011310657825715
2.215034781398077
1.3542579932548515
3.3924843512432536
1.8735781901702286
4.205151662726406
2.9403933102587914
-0.5390515075513874
5.215703230016834
2.098659218513475
-2.725545616473917
-11.027841774057567
-12.21319599257042
-3.9936936542189128
-1.522445989078272
0.6973755130287557
1.8942761314827268
-1.2914793907440887
2.547056013477742
0.8398589641914401
-1.2322072577371368
2.414136211367127
1.6940033605276452
2.530488011145454
5.6691098486523215
1.2038830583671967
1.6283713655621044
2.9762435683634614
1.7860466310957817
4.371171876692379
2.868022202815375
5.018130601618733
0.478177020785958
0.48259635237135307
0.7810003591873961
1.0987071686669907
0.6077089607335154
-2.677999484554565
-1.351448978357614
-inf
1.5589248956715602
0.7745257624994001
3.463658048157105
2.695927679264648
3.4092080393169644
0.10004423796503888
0.6356647866671935
3.451729448196729
1.1970327594550385
-0.9451858298441241
1.270302284681237
2.2329691635734936
-0.9677845824217588
1.6915822336042747
4.327866238120785
2.33799404561279
-1.8383861342299483
2.5264434177748694
2.135739867856196
1.8643099338586149
-0.8747958185335639
0.9485601253093078
1.9122613057967908
1.543003105439239
3.718500126084078
2.1269480573085997
4.2510173943577625
2.935349746631915
4.3994046495790835
2.0670182721551225
1.0990654111292646
2.1599083481586403
-2.8733437543298863
2.3904166264354236
2.234058654580184
-2.2186327801660917
1.0753628840027423
1.635836355256786
0.6448490264924277
1.3303352676399347
0.7225091670998748
-0.033157854999300504
5.069464865769852
-inf
-10.547236917248817
4.185682904573139
5.869513298838797
1.896917814435863
2.3199661063206323
2.7351025758392664
-1.582865500960468
-inf
-0.5356544960505013
0.6329974882746681
0.8833798140474219
2.769522559718145
5.892694863375105
-inf
4.254780960685337
1.7735435096819745
1.820724749404657
0.4130879340904666
-5.229085818516904
0.6241345240649276
-1.9096317741050892
1.396919643242696
2.8049547623887476
-0.40328578597532466
-2.2830539539745462
1.4179064315916108
3.9628954735886346
4.379922480118371
1.0266831378315657
1.413922265088786
3.858146631248478
2.2644068839886593
1.3750548473188438
1.7797986711000306
1.0830313031023755
-0.33539404844507426
1.5728240590172295
-inf
0.7613828490322763
1.2752232163473969
1.8680209983058988
0.46525827598735503
2.1575610202371807
1.6865162374859024
5.665249516106199
-0.47806119564919436
4.240508614754173
4.092277428670024
2.9430282533295697
2.1136343399550133
-6.64800545833997
3.8292404486473695
2.0112180912613775
2.529398857084874
1.5408128974617206
-1.91974741596793
1.305606779216042
5.545175573174364
2.997166450444163
-2.335492313873308
-1.4817243158417033
2.893361930700498
-1.2523949044315563
0.7879240780420876
5.422859109738017
5.720199517873197
1.035399932997941
5.785400598693305
-0.10876293760070255
-0.8486653865969889
1.7926010028561656
3.4695248982516755
0.9627160396373183
0.9228136213598201
1.7295049188616536
-0.060929297909057586
-4.045325343032983
1.175411239277821
1.2542021531811642
5.001562836149611
-1.2201343559145599
-3.5260491906050806
-0.6205350377441218
-5.842599858692136
-5.852005706405063
-0.200933295233467
-5.557958694136519
3.2541752232088825
-10.765933589897385
-inf
-2.9605403144822837
0.737295915985347
-2.684956000954188
5.022413195886798
-1.6389080048531575
1.415636768308487
-0.9759045560204045
2.1408194388236996
3.572664536780249
-6.451623975624149
1.8607846715256062
1.5419622903316617
1.8451382190133998
2.7120040641038963
5.341615969635996
-inf
-7.574538757813186
-2.8006822941316347
0.49859567043259545
2.106508368914159
0.9568087213896049
-3.72512195837158
3.011595321314584
2.454445064313846
0.0653173603742375
0.8270743077687901
2.218766704443296
1.2188139780419895
-0.36258005222466844
2.0012358196972815
2.0128589247775226
5.8088912706909825
1.541138924577766
0.6226598755707039
0.7471870037245708
2.121720753725057
1.4318810728981652
1.208754485346101
-1.6657467193791047
2.597310583089926
1.1670800363414926
2.0656857049431414
2.788509631245492
5.7695213278234565
-0.0847093454667042
-0.6591803462475158
2.033678248287368
0.7144829050425793
3.048315930042988
2.1018503585102453
-1.6599267905287263
-3.3004478374352977
1.5470447141495203
-3.622348235694765
0.9850489864386409
4.314090910423109
1.7231429001976375
1.472088367616176
0.8540031556355397
0.5002583965688477
-inf
3.9855259212645415
-4.029410326333815
2.2641013842647566
-1.3749125338185775
3.3009144911096264
1.3036073744518795
0.7962071127824876
2.8760078779278544
1.2126347620220574
1.517870257661432
1.6307964876889134
0.7753143068162566
2.827183517524367
5.450044055257774
1.5638653898106785
-9.520373254803113
-6.846799625074895
1.1202582966160668
1.9408532382682848
1.7511552440707026
4.856011110258042
4.690524311964245
4.262991706102163
2.661488911911559
0.10574001997336857
0.7214087263992087
-1.8461055478069741
2.46449199462619
0.8601651281257937
4.996550780660185
2.407754832079136
1.2983835752732176
-1.5650908340449665
2.514404935532095
6.378468651442051
2.1753962604498005
5.413017222556776
1.3181349742023032
1.15170966137281
-1.7954078073741302
1.3744594619813952
2.3904166264354236
1.4716811291890082
1.7660944153849871
4.210795008878874
1.51541836562616
4.106619429897791
0.28820617158188677
1.5633168367811696
1.8705676858355542
1.1223149074961987
-1.0061078813127278
2.700799580581262
1.3339166934549893
2.3972964602069986
1.2688525360491387
0.30836437939927014
1.378705306522506
-2.1096941725967753
-0.21478920011803884
1.380763924234989
1.7131643330712203
3.293215157269586
2.147940078104505
2.8952855533171586
1.31956239112071
4.276433491469669
5.274236700679161
0.626310364610626
2.509100465683889
-0.6127423532901769
1.7831919738478037
4.151984040166658
2.1606711864632064
0.5997860399286158
1.6306429967788088
0.3931662404783101
-5.4585358837649745
1.6494393046423295
5.376943884076694
-4.154569143993232
-2.14111929136166
2.043052480155918
2.584135555430959
-3.108846984882861
5.27157476802137
0.6592140746718761
1.7846040656060287
1.0160464384323713
-0.46283745559254913
2.106080159824134
0.6712778385151968
1.1009710107347974
1.1009710107347974
-0.7412090741225261
5.151568514230056
-2.687957961789724
-inf
1.2489620107710295
2.6260420647034692
1.8127631024556075
-0.8781401430112484
-2.045260247137006
1.6214847271709911
2.685309827402799
1.5915998932105682
-0.3683780907192643
-6.037627645085358
3.225487329382881
1.800467910798464
-7.1566179132141805
1.7753269037752615
1.133032525595517
-2.7076131481876256
-3.0629294428180778
4.058139771837196
-2.0128805879227407
-inf
0.942800934343751
-1.454119891786858
3.228761513922639
0.3420044296492742
0.09104220460309462
2.491938203185281
-inf
0.8452648422374003
2.217103287426567
1.957282919742959
4.641213300116337
1.8368492261508331
-3.6703221365194887
0.5300771032834865
-0.116874511144231
2.001563248930243
-2.4217164689392026
2.088580696447516
4.729890329079821
1.6833136219243232
-inf
2.0112180912613775
0.9154408932300014
0.1941393657108149
-3.150395313897415
2.170726566388617
-0.9993116011447706
1.4415358450621654
2.3071553730241563
2.4506979547725862
1.6190836620841025
-2.5871567549858425
-6.847509418559671
1.6976215127939207
1.7845797890917225
-inf
-0.45968264901840467
-1.6444513296487484
-2.9488141398298
-2.0636112272458753
0.83361394784836
4.849119152626902
3.8370168952173334
-inf
0.44350063847925736
0.5227946068474542
1.0823586382148147
3.675190423122097
1.1620862824948115
2.1309957652537315
1.2830873119144661
2.791757372496058
2.0112180912613775
2.411785079397453
1.0404826218099419
-1.91974741596793
1.305606779216042
1.4437994167861514
-0.8345388901896525
-0.46394758986280044
-0.7849503603168916
0.3652068259353697
3.225346100524143
3.512026325603413
-3.8590001211515004
3.8729627959043538
2.085853654885606
1.7793961381446868
1.6343654802059184
-inf
0.2263992986327486
0.8628236253418008
-inf
0.2790624098561606
3.8839781660993893
3.5275739196686327
2.394106837497509
-2.0605315218494313
0.8144408196250673
0.7939622800731845
1.1480239707602422
1.3083482184963104
0.8832996222609287
4.84547617692861
2.9004066651950726
0.5226148110208612
-1.2326714986390774
-inf
0.6441171291218634
-3.1054668972583457
2.1435715089422316
-2.136601827958322
-1.0129591282293147
-2.286369035494065
0.32578746061023656
1.8760590367877075
-inf
-0.1243119732060802
6.92176263224743
-6.818629109538828
4.5677607306601775
1.3261949404521034
0.894848739647134
2.3372631754145106
1.8648694122903358
1.7217847547093
-0.8580374959498472
1.2911815348325941
0.7876564412833582
2.119986503783781
2.704863116292883
1.0888329459338566
3.04781664043779
2.079928501529977
1.3244654412186054
2.931790320432298
2.4868972483989964
-0.8113443332425213
3.736439882090834
2.7629537167407454
1.3732632416985497
2.143303082165804
-2.0950286434292273
4.486191861167997
0.07816713884769746
3.5773592736245265
2.841263028994547
0.02027117757583982
4.561367048715769
3.5202754349534846
-5.555660182777828
7.418509165124018
-0.18621684350098408
0.9957674851870179
5.3832685411102394
-2.8951418308966526
2.399976999007333
4.98046067128727
2.2122958989207797
-3.5114330798324502
3.147637473211498
1.943543021708527
-0.49572932840380457
3.343108707533826
6.538052196806654
1.7978307813751626
2.087000092596823
5.32904148804501
3.825588199113609
-1.5381072411364611
2.5253266120352693
1.6309369421014117
5.465794117286122
4.12377418795747
1.5440171958523274
1.8250605854601973
-2.441234978334905
0.013599078695546732
3.919467244330139
-1.1511913141996173
1.704853165112307
-0.23474484827466693
-0.35062931557575466
1.397543909808814
-3.023575521676171
3.9805350549887866
-1.0893695147514124
1.6532019279000743
1.43658813065816
3.0813181948367445
-4.721805345013947
6.169811114292666
0.7537966691616046
1.9619144956324845
0.014894524109672767
2.0004406526446665
1.8236718365483715
1.5812397707399246
2.0904512515301814
0.9790106007326986
2.4278492735035284
4.25150886910123
4.571090470296302
0.5768492090404379
2.1117040343644753
1.2327391574378985
0.5126187706666567
-1.7364341080500212
2.3282907421763364
1.0296561749011905
-2.714495136490298
3.7227250266941665
5.78046812071329
-0.5118465296891789
3.1413671064874444
1.6158633332447772
-0.9313070665397559
4.677175915595966
0.3793387863353058
0.849233750474988
0.7470407988440483
1.8563325124075065
0.03143798238336648
1.3006940114009617
1.2375901180954916
1.0233111388219316
1.5004895872047541
5.544515664412741
4.9637296272145495
-inf
1.0065696812752083
0.27625646995148717
2.0821010723679514
4.906294873853925
3.8457485634656763
0.971269523983485
5.670469995102315
2.105153270952877
4.456674667202718
1.4080320505322692
1.4576616689784165
2.0209402067280395
-0.08863321069143601
-3.7600470447176817
1.7337788082841517
3.9787439142834593
1.0049198889937845
2.3700324777877846
2.7312257377412408
0.5035678859672111
0.7846503283247197
1.7977575457844854
0.8115662711336536
2.1960224995691977
4.81973807494168
2.754704410088056
0.7558203665642225
4.701085892594295
0.46374722811053093
-1.7974170633332636
0.5645553678476279
0.862189534920522
-3.0343645136685553
2.144687565696092
5.504389200929702
5.523192406066318
0.37115035019110426
2.7085881284684663
2.8838020701581284
-3.8226960792027933
2.8256195866965235
6.823245568574477
0.7972914625998877
1.3887829355681705
2.9288324132412393
3.7828554013064597
3.2843097845665277
1.2156647135563263
1.5008899060635275
-4.756677693516873
-0.3463509533491664
-0.44315360371173773
4.118320970881508
-5.29620577316204
5.416247203982811
2.825563588162511
-inf
3.7709562805301937
-1.6774446957186777
0.4740892619492739
-2.321761524975643
1.4330755916673645
-2.0456284469065147
-7.348200459292375
-0.9997749080992901
2.2935249252663192
0.19936661320551258
1.9578600280614709
-0.3508629706344279
2.5541619609616557
3.0711914739166497
1.4675211198672329
-0.15451052881226512
-1.2872607013439645
-1.3404820056907027
-16.66266196120918
4.611626598097639
-0.22072151726809489
1.1711867401697929
5.727446827481792
2.051736416394939
1.177471591693726
2.204849258731917
2.7728728498284783
0.4320427436818877
3.0330279764928916
2.185933757729826
1.2122309433439997
4.4024795293184456
2.825132933870834
-12.344017832041454
2.014331251556733
1.4632286718113678
-0.21052090934003637
2.9750090168422547
-1.91974741596793
0.12659194770025065
0.8679027274990275
2.362817232289174
2.4584683690651614
-12.917519589944746
0.8661365783646896
-3.717223271227731
4.424916200420686
-0.7975461893706717
-1.7245571143682625
-4.028357580366571
0.5950366929894497
6.243176513591153
2.1663592729343555
0.0818183634717063
-3.788694973428332
-0.5013362707238834
1.5370835355346733
-0.8085463719445388
0.47203001666126576
2.233602592484516
4.85480110663046
0.15952466631370846
1.9709515046937094
1.7110180844061729
-inf
-2.089761527100136
-6.8377918468858825
-5.5954350542447395
1.2418369014960762
-0.18224257815577743
2.123178991222182
2.1190982194473333
0.6484584952047822
1.8188567196268182
5.576325513185145
2.302350705378262
1.1711575465407236
-7.6691511766363165
5.357102584325407
-2.5617886972561195
1.4492559955619966
3.0642458083780992
3.4434018105169506
-3.6057905596245363
-3.5357464185627223
1.3954084167650986
1.5126259910143636
5.232282775283005
-2.1634288671762034
1.267211883366869
4.501501102035714
1.606267979267859
1.1222920768951794
0.3480938104274505
2.6993059132162336
3.97301016507269
1.6477418031955353
4.680945038620948
1.9803812917822268
0.3085824871368757
3.1915221101885685
1.5774206514172184
2.8230246718092546
2.599623122504675
1.0459601369588996
4.042903814552722
1.5073831738289172
1.699022129995058
-0.5210814814043793
-0.45736741204320625
0.26578666941368
-5.159634173968237
0.6581471822936028
0.42916855472205506
0.48884599289630903
-inf
2.0922024219668645
0.906891519791795
-6.27166665347925
2.7704715758160736
3.07877366465791
1.1683528173125979
1.4591709304459477
2.1786697145688754
-3.214738218592246
3.892743831228989
0.7951054359222108
-2.6128766957119614
0.16479981947016012
1.2332357462460064
1.24285596129779
1.630506305268072
2.0112180912613775
1.5458021687033945
4.097227344508012
3.7993256805498525
4.605807909920855
-0.7565326041367681
1.1034573232015403
0.7215692781083007
4.855100121685984
4.431446429989836
-0.9448377124958455
2.598258979284366
-3.494649652497497
4.950647852462144
0.4852632782294038
1.085816148848382
2.0429445437146736
3.237850056537626
-4.531418826792189
2.3947173978856906
3.0897445860117374
-inf
0.3646317154314719
5.118739320067906
0.8602579504280612
1.957282919742959
2.586303213496877
2.1073344374356555
-2.3243374963661902
1.6660896509037706
0.8065710910765721
2.9496275496313897
0.8454809194867564
-inf
-inf
0.5860561184465792
1.0040325131045833
2.0112180912613775
1.4821045358375557
-1.246375318945953
1.1876222223902153
0.3768891819862529
2.1708204154216886
1.4886052055538854
-0.11141462617023998
1.637431369699352
5.2787458727410845
2.4593574792630633
5.090769524532602
1.094351540338753
-1.2724313717195759
0.859485771129256
0.6017251139888529
-3.0118849423371348
-1.8838502640258405
1.6606613149855027
1.9430950759229477
0.979250664110147
1.832026657028254
-4.304566527483053
1.8335934426298583
2.1659704612615958
4.338899246786807
-3.015002539681383
3.871966336947485
5.121027900831986
-0.08079635395349027
5.606814874005525
0.7737729919134183
0.6228190234424756
1.5737544989173886
2.0397850079160325
4.566568990610669
4.347190238102233
1.3722858649147867
-inf
1.2049139932057087
-inf
1.5091830958405374
1.8140313843708105
-2.9407398113243777
3.005494909218113
-2.6428900999658507
-1.9274182102339514
2.684295594850134
-0.9218025024465742
1.7485308658594807
0.6490256403394815
-0.19925138256172714
-0.04795266778810983
4.512351881131298
2.096897474428569
6.197356750625114
4.396023903951016
5.003298596843116
1.266097100862347
-0.3967799858876978
2.0168004598150464
0.027457054825609038
0.871662771837187
0.6810415523288994
1.3718053405460824
4.690039621676292
5.094829695080287
4.835304810742808
1.2878991408055862
5.836880769329052
1.9408532382682848
0.3939395644716646
2.744908426184808
1.4581050301165037
1.0686489651622528
5.727449551563497
0.9851565160231245
1.6802284793631797
4.0094362371841035
-3.253307456440321
-2.7377755121076945
-11.411521277350603
-1.9097337251664692
0.7710931997586542
-inf
0.4126165007896479
0.2665610851766856
-inf
5.272172176274536
2.063230545549217
-3.578390743601508
-0.26576661216682845
2.5320572255276854
-0.8934474569221132
-0.983911926033812
1.2942913983285549
1.3788868945644286
1.0256910076482617
2.7457852171478256
0.5197433209616175
1.6646966144870359
1.2692135654332095
0.6146789568107843
0.8300767225548583
1.444386369360593
3.7806880309361173
5.080985684041013
0.752227401792653
0.4884148662017752
-0.6711858352637053
-0.14376557727673894
3.3968391079076508
-3.569593945914993
3.9445094100472886
4.901859915663468
4.339374793396843
1.0889240030343688
0.6317510868430617
1.015282846668923
-2.076595883694732
0.7470092457004059
4.720733410060551
1.6873074054126456
4.288054542714296
-6.930019133552186
-4.31290502440442
-0.6125202505695581
2.0645583924441744
-inf
-1.0695492556366935
3.5493961143468518
5.078578323552008
-2.827075598613462
0.37023928467087425
3.966045301170329
1.7776277565132579
-2.669503922364195
-3.3572628337905286
-0.5915987383418618
4.264296184947693
-0.20616971829616937
4.169567967315261
0.2555629305069572
3.500213146181924
0.4430263808925464
1.8028004418133974
6.2950525552388
2.330884906072285
-inf
1.111895333554731
3.1888110594014125
0.9009009626486016
4.185403219426787
0.8898349869933849
3.1129703421213657
2.637815894647769
-5.195335286397929
1.3603886141976989
2.206050926904878
2.9181186065669453
1.3053784340667551
1.2092635388156197
-7.082935526340509
2.799310593424937
0.9730146949587503
0.9764358314729337
1.9717360191371294
2.3541929949347713
2.507102050408573
1.2256243899485995
2.523313189244153
5.2814092234897805
4.774543522132326
-0.7310023025368512
0.12966355511908884
3.3892452865233427
2.873465375348972
1.3546042134131913
-1.478624974729948
3.381234444430989
1.6238140294888304
-0.2145362372238081
1.2531864356119333
2.970106975846174
3.2011334219260523
0.818407815364967
-2.123666863626056
-5.214437673993399
7.782505004069597
1.853664904479426
-3.548083312724211
5.546665073220248
-2.643424358521129
-0.2815352441952169
0.48266893481993833
-0.31621356977803095
4.762723720775229
5.607972414807559
0.8242301770062436
-1.0835557898096595
0.9305261959777936
0.0199800756824072
1.4435507815122037
6.53456973949286
0.6309434851512529
-1.5213142539913855
-0.02166120758435938
5.035436601544689
2.9149342007716577
1.7989888357145476
-2.5421549552741642
3.6337002537986205
0.9679457956652853
2.380797093257317
4.722597681701751
2.2636746980362363
3.1641113699030043
0.8007918041657848
1.41819242237957
1.9408532382682848
1.8480199727416335
2.8088302839339354
2.4831579804846884
1.9773638971864331
0.5522386352186256
1.913552090972125
0.8501250805859061
1.4461019052803576
1.0577250540408605
2.429761282230691
1.8507250222923342
5.390566886480603
0.8322414552780729
2.4526860002112985
-2.0904244562466294
-0.04722880285488211
0.6769440759612614
4.234713554941743
-4.405792693131212
1.0481089812556594
1.1520095362197231
0.850997129748699
-0.09972255447402742
2.379446779950664
0.47524826194319336
3.7409104625396252
1.5610637944644763
4.70347486964225
-0.31957914124298353
-1.9868608255654032
3.846194802823855
-2.773914035067842
1.7674277204550328
-0.4522251075334617
4.756241842515656
3.130563621507771
6.2720637712528635
2.1218011099692236
2.424198160751077
4.126239373581042
3.12473977952101
1.9632707311077242
0.6501353194180319
4.63490055600729
0.3842454809731445
2.5887642721938358
1.5535396700657804
1.2547664072745794
0.09422521902373451
2.380797093257317
0.5883219850132949
5.674952106398795
2.345367062862011
1.4526341450847537
2.1376246013077327
3.982123226621403
1.924714126452217
4.6825793959452096
-3.286234666694514
1.242388733532944
1.8069788582122193
0.9777335364241867
6.740507121231086
0.8957107559999665
1.665455458197788
4.539110953304516
2.2830680487410198
3.8873446091927892
1.8681304579895068
1.3520587734996758
1.4493243079300975
-0.3156949652382318
-1.6178282511055269
2.817580341279367
0.15193079863623982
-5.9458427241528895
1.1899999472207028
0.8196323913407221
-1.3776994210432472
2.112313296421749
1.4283704547880545
2.4663717373203022
4.635452042440456
-0.5292890486524581
-0.5483735017747627
2.484754323736034
-8.27933153859013
-3.9265153860905735
-2.0068694515039542
5.363799106336496
-0.06738728344070577
-1.4387250401321607
-0.0972718302132513
0.5818309393549995
6.8484486630986945
3.21739815884155
0.23972339654619385
-0.19527479241418547
0.3445775847519069
-1.8892671459709853
2.0017461544120856
-1.0176334266512856
-3.4786109760015647
4.369358762054412
1.1291647169317793
4.690433110981053
-inf
2.3948469237986902
2.363555575382027
1.673734338573821
1.8608756049446367
3.615161653932562
-3.6368820921452887
1.406496170064821
4.531697782296696
-5.240964653600403
2.0563713308456157
1.951919951205679
0.6614499570425293
1.215625358329875
0.44335360519071815
1.9929811338585994
1.8227591282265543
1.1815878665404007
0.0079443415152117
-inf
1.6397923720731018
0.40212451399662547
1.8673598255327009
6.089630868236806
-inf
-0.08936056841660005
-2.121026517909449
-1.622863508351677
-2.2881377867018884
0.3089411678723027
-2.2637942274515783
6.372110107839001
-0.4889044597674227
-1.7406130525617236
4.987944900173252
2.885468471318899
3.3924177671726063
-1.6375730056248314
0.8934166282392316
-0.19650125255024273
6.25138033024468
2.458302910924747
5.233312686257439
-2.4708286072969092
5.1009754243104295
-2.3785211444680336
-inf
6.355115641954109
5.886445583490014
-0.869091234317644
-2.4981337606133605
2.2726776642162503
1.720204233882634
2.869104942293822
-7.5093871929190135
3.161276231922554
2.084602076506888
2.2602195464931816
5.093039771662677
3.402331972440952
2.1114245867933246
2.2325283307851413
-1.2949755344037968
3.073008619425278
2.1210303095467835
0.46305297778907667
1.7926010028561656
-1.1837005959473172
-inf
4.1770390004454905
2.9599452544426255
1.966016828927801
4.18292114788095
-0.24390270294659203
-0.6456251286194813
-0.5771201877315089
-2.6137253889817966
2.970127503273593
-0.42457877142363076
-0.056520770046652236
0.02815935048453888
-4.464470139779548
2.5770937631514177
3.31361863841759
2.577199123462252
0.8445949297595575
2.0629558893068483
3.3070937818320907
0.10444527069206207
-3.9240634780840216
5.473480101334677
4.599361717357059
0.5485899202043835
4.018298674576363
-0.6607511877939222
2.6587063553147146
2.215160387189508
-2.492730467495479
-1.4647499771589345
-0.6316790935434233
-2.315809451389522
-3.163041483824685
2.5944332908179195
5.645573210846523
-inf
2.48953224565368
2.8222610405809987
1.653152829602355
0.4497626943261389
-2.2522896011921283
2.7720253693952017
6.222925948392073
0.8275743231033388
3.832166469383595
3.391211359819666
1.182619922608727
0.9348102664082665
-1.6190587806449015
4.902502783995419
-0.028807513216498132
-inf
-0.8516327262751108
4.217831459671108
5.561831352377605
0.6664181263380463
0.7908957739628469
4.470124597661005
0.26950115923417994
1.9810576866672867
1.3925169655148266
-0.12428785863348848
2.4593574792630633
-0.28188512551306266
1.874460347027689
-0.8100003663269365
0.6075737227095924
0.15211739314578646
5.230525606944724
2.8885706142687164
0.7268282944836123
1.066694536597219
5.530380367245672
1.2624685348249396
0.8919197704841778
-3.0914021852531928
-2.641786528650631
2.8031214526000685
4.683903690632758
1.9210513626262076
2.77619672046637
1.9408532382682848
5.463182387024122
2.3692774826718432
4.490195689906427
1.9615986516610784
-0.17833355194752432
3.316839184006969
6.523642680308902
5.8890498724430085
2.0596718917038213
2.0365663028697227
1.7545021523744202
2.2027046724622883
-3.3753686305785533
-0.22109979581080552
-0.15623495201638946
2.5489754361560504
4.960474903564708
5.818439744987803
0.7884017223595979
3.291823947870548
-2.9069841169646304
1.6579477536998581
1.3030349846635414
-1.8549005665676448
-3.1867721289539803
-1.1960539753187245
0.24002701490481343
1.4165925951776153
0.8929172682553607
-0.821114118964668
2.9708131134641187
0.6069515444044512
4.6016129924842595
-4.919615989038116
1.0957334062636328
0.5944751814443584
2.9728834494023317
1.9962486790925604
-0.28237978535703284
3.200952688473893
-0.3647919598810173
1.9291898191986347
-6.957400364528589
1.755664593550395
2.4015997177454897
1.7103236956260692
3.1152454607462867
4.88885315255666
1.6383709867436256
-6.117769301488424
3.2287818699857436
4.245138249030608
-1.2345363540344714
-3.3469599497274443
5.665279671673833
-1.137287909967268
-8.874661556994392
0.6468243446766592
1.4782425703315227
6.401670674587246
1.3814321484208887
-0.01879562506370902
2.1269730736353356
0.733348511973687
0.8610180747047921
1.2051092701898927
4.475005876079868
3.18461899921242
-inf
1.1476504396436442
1.1187637384603364
3.616950933087349
-3.2038769339340885
2.6922082351558316
4.105836013039567
2.004957328218067
-1.0680853163842936
1.606253607019145
1.9986611964608327
2.4874989300884423
2.8627897282650236
-1.8810848988091329
1.275950980277053
1.9082503023746868
-3.8147094612293664
0.40765310176739794
2.586559915176306
0.735493401779066
1.3709507012204174
2.116819647108702
-inf
2.7367108107061093
2.8627897282650236
-inf
-0.6272191451620982
1.9545604448906257
-0.02019128184501487
1.8666875107088299
3.920685895964586
5.424843555518712
3.7835964407846854
0.7649312827531766
3.296479979068871
1.732742621436475
2.971976159269836
-1.7095233241471524
-0.5372635646219752
-1.7760163622429088
-inf
1.84289120095675
5.01492944300246
-1.3833765566269571
0.23329971393874344
1.0392487137031436
1.8560094905286129
5.397243975457768
-1.031067131478255
-0.2907348286008352
2.178558963405994
4.593331227189606
2.123339042029464
1.9535569888884028
5.285530582450383
2.3076644428593562
-2.309511114991638
3.0061332035199593
2.7038942798333245
-1.4802232722397166
1.1744480965907331
-2.872384768607569
-2.9442205738842633
3.6518645162740784
5.86212468559666
1.0859598546766884
2.9232244301763455
3.4630086778689373
-2.4974240240237795
-1.6832239249925376
-2.951290851695642
0.9607362299257297
6.061625914269331
2.335957291117068
3.5479144932669424
1.7926010028561656
2.097195816284141
-2.6901714366780163
1.6561506911518036
-7.329491461446009
2.380797093257317
-0.5414300998636531
1.1047629146254256
-0.9537525171649819
3.9206613174859575
-0.35797386741531156
1.3226425803781525
-inf
-0.8123889023534806
4.63980960768957
1.778779279501235
3.2352575696880477
1.4332815435522017
1.5598475042945328
4.00671896265624
-3.2637682622709034
1.0672875229428034
2.39032667050786
0.21254292338308853
1.9756891631172764
3.247525403653639
0.6174081698209511
3.0691407662379313
0.07484623327631276
0.4382092361948463
0.7918581978786144
-2.962593444404725
-1.7848785617278777
3.2785143466771913
2.4078001274607783
1.1594425399909585
0.4342166294145336
2.1010229688448034
2.489529845972215
1.0239313632192995
0.38584890197520055
2.0014631831462224
4.490619772002405
-1.5855208511673329
1.8104308193945577
-2.871392316041897
0.6768177646773919
2.7309733205149427
1.4884739707634003
2.148438725193431
1.4992852578723528
1.8411949802217906
3.7997815772284627
3.7096997591651077
1.5940974453616155
1.8857418514712263
-0.16240326873290392
4.838781885430955
0.9712270614940196
5.097320643579624
-0.9915914558887794
3.1895273858971906
-0.6794872619028149
3.080618791938312
6.165817336112338
0.5704379605868393
0.24168265355497415
-4.17213506590412
6.113107630055798
-0.23394513652037632
1.0588189943706703
0.7129909481676736
1.8303842330643514
-0.3991860922014138
5.0006317684999635
0.08560898882990309
1.268525512509727
2.013600714602627
-inf
0.2269438121220012
5.3025988032192695
1.1275335251630538
2.484163922464141
1.7714485738731636
2.2064886664069903
1.6978524799499175
-2.4980996188869304
5.195825403828171
-1.8300871640074812
1.801687051449194
-0.6277109962313945
3.126552019397097
0.507588484229501
-2.672320338823361
2.254385334838774
1.018314400962578
1.9783340057612684
5.0675318030467595
4.995837487447998
-4.645821298029691
1.0536541977515763
0.8343772737915721
4.1198902107015005
1.4700382847120799
-inf
2.6269522852401277
4.96622850862578
4.636920962172335
1.7708469435985972
3.721819881980781
-1.758090404979688
0.2851174635881351
0.3160729871200512
-1.0508007594755453
-2.10680417868339
0.33965333323231733
1.0891710386761924
1.0515628102209753
1.2647651840402205
1.9217790928577374
3.1913770001812236
4.505744058016638
1.9185990326459297
1.597141121064241
4.301146307472903
1.3954084167650986
0.5806896387390784
1.634579139407362
2.5652402662913287
-1.755575968727429
2.1779462069962516
-inf
1.6859684156331112
2.380797093257317
1.0494246176598123
2.778629459210064
-2.4708286072969092
-2.4545752104164604
2.5708491523227677
-2.822772294101065
0.5028471259963855
0.5832516416275756
-1.2437891900022717
3.1034286921704646
4.457929939515956
-0.2631770547942186
0.16302930143207284
0.4025394526790363
1.437030368927573
-2.2383303435657047
2.049735782931105
1.5699130218573283
4.2595136450846764
2.35221717938402
2.0298949197264307
1.4547527515178018
5.952390636153016
5.972071964997553
0.7211067959791503
2.164128823634191
3.424366764376287
1.709371747962546
2.3327177253355673
3.895735619071562
1.5719717585982094
0.892021064963625
-4.804949965620534
-inf
2.211754629176516
5.550340441518508
-2.1402062091148295
1.7286204956178886
0.9367320037000959
3.463927281000358
4.985600192609376
2.739847056349948
-0.2796210001132246
0.12009700642060114
-6.192518588714379
2.5840927443844945
1.7955330193739243
1.9169629570839228
1.3633760654900247
1.4374362993468734
0.9238884246850606
2.0156001155567207
2.3178748020546056
0.13756100655850276
2.2653149243691804
-2.449843674738184
-0.33489109364424585
3.1832424886894763
-2.257916705832346
4.590621190074457
0.6918693239797583
1.5160626508601183
4.659810242266649
0.0015961070470763283
2.5689385583267397
3.1123332878620777
2.0914168044644095
2.1930056367948447
-0.07741840168922318
-1.1108057143247683
1.1399524186544088
0.1367813023670624
-2.9872205256999704
1.6020330260782416
4.942612449913482
-3.990295228351087
0.41972287315448964
0.8073999517623789
1.2086898924044946
2.0305890127974418
-3.907315525038218
-inf
-3.680199445183297
1.2021382131385352
1.15186742121947
0.9718513402076966
-7.022753299557473
-4.86233447334969
5.3727845834614465
-0.9793853983088471
-2.20130718572364
-0.8079689630218477
1.4237921345694013
-0.011999216828428111
-0.23760930446398015
-3.3914908566541744
-2.1980630735205833
-10.940291448213898
-0.43925382279954966
-4.775075119782687
-9.62473853035186
1.7523006704692294
-1.8871674895530592
2.7438469744447707
1.0239609032944728
-2.7008443970365197
0.333412178426863
2.826904663504493
1.6991309805662307
2.375501574633748
1.7298001235321732
1.9470221735956448
2.9329931830225116
2.4897931455521567
0.8362938393431155
1.540254952302085
1.5011409300232263
-3.6598982212653905
1.1316210421880823
0.7773259959420686
-3.6292160085717793
1.66306141027314
-1.2699146260816407
0.04142321764034407
0.5225400731751456
3.637785788849474
0.6868185096840523
2.281492571866604
5.1105697188369685
-0.04867933724003817
1.3343765283780005
5.526946653235726
-4.081857417614266
1.1687857333509255
1.1211015849435075
-1.2051215911046123
0.24002701490481343
7.084810288932493
1.8312583044359059
1.5578828362458308
3.551943542349676
3.920397208887344
4.605521306236263
4.257292185452662
6.103082176678269
1.8360094924843395
0.7360184804523772
5.589526391899238
1.566585211456184
2.060028131193184
2.9280014627175794
0.832464408139263
1.7496784154750256
0.21403146894021438
5.029454063991265
4.288214720699312
1.2024695875774882
0.7055272712689907
-1.18208250292812
2.0564737478163404
5.392104547861625
1.8129292281111595
0.7181246464228112
4.053889170129029
3.9350622723116757
3.4998693581724423
0.6689324541261941
0.0695103970083942
-4.367404889868713
1.2038500039905986
4.289041995266403
0.24486499542495851
0.47659810400368563
-5.400871262925912
2.916658332968429
4.06733048390631
2.385734221355502
-1.874618500746422
3.17611363297663
1.645335139853148
-3.6660559514990316
1.3677724163809524
-inf
5.214503962340197
1.4165925951776153
2.8256195866965235
2.6635468625907164
0.9614529655108871
-1.7685405136061432
1.5148191330181129
0.8939854561749397
1.3557868649592002
-0.38994280759862127
4.528318539453657
1.8044064467240934
2.4163605884232915
3.7639570590778826
3.526597236559607
2.0403980967088087
1.3939383453147773
-3.2839783386249803
-1.5321582001720122
2.264531556572531
0.9930736131551293
-0.5189616841417227
-0.29042504876180575
1.5083375554432403
0.6431303858435657
-4.179720599743655
2.574823630988568
2.97973450162983
5.703314256170826
1.5462050904803604
1.80253063930292
4.234706749915163
-3.027180330642686
7.728817160431589
-6.7877713077035065
2.6911825595857266
-2.2942492291352643
3.8683896361850763
4.250128698311853
4.942357039453617
0.1608328369435582
0.20062273057500865
1.5711596060477973
6.379670610633177
-2.2358368836732327
2.0534332023196464
-0.0883176959547628
-2.9380926112697043
-2.003226215497375
0.9400942309183664
4.84529626193648
4.5677607306601775
-0.8703581800853329
1.5255898610165266
-0.3226515651136656
0.6751927322909751
-inf
5.383552723463131
1.439787965792074
-inf
2.5169408710769217
2.393742260823795
1.917606542907982
-0.646897274680995
5.75840162982274
4.027098106553192
2.1918618644036365
6.133400734797035
1.652974044918508
3.322023463875528
1.22867269340882
3.585583582729898
0.37557844848697364
0.7786931038626702
-3.1529481647904607
-2.2107636947254026
-3.5165334754268356
0.4964609626746304
3.904931160269511
0.4441244548149855
1.7639639080584022
2.365198261096978
-4.703893570795772
1.853364275197354
2.557066375253169
0.6379290699810404
3.6319413315856797
2.7980522465839828
1.93479705182476
0.7268282944836123
4.79238752012764
-6.707414253784805
-0.28284391270149245
1.4010454546435394
1.3151928486023392
2.9475678609811276
1.1924077007678349
2.425913086958318
-0.655474641088268
-2.8341460568788834
-5.681887437862221
1.9216614349949237
-7.114641197650583
-2.441044827367006
5.617324913159961
2.4062346667674888
-2.510704722012939
-0.10378888263205957
5.3053693129044035
0.763787097212738
2.1114245867933246
1.6639391207301146
2.8114763257321025
3.8366690668229646
5.261775684738765
2.422051608627477
3.6025526974263933
4.698984335038296
1.5671437987548142
3.059768402530318
2.1114245867933246
3.1216001111787888
2.3683062807269994
0.5762835380161616
1.737779600607623
-5.901355936957703
-2.864235037237331
0.77333709821861
1.2235380473197315
5.024453521510881
2.484105551213273
-0.08273701987653373
1.6521467917268322
1.5139405687748484
-1.3898695100458065
1.4414844781187246
0.4166037213053234
-0.33989077701520326
1.146647111255932
2.4062346667674888
-2.510704722012939
-0.44690573158949815
2.261578522563765
3.9501183689310055
1.3438268352052574
5.616134919595106
0.3720964588961336
0.8492688570060519
-0.3944748996468622
0.9623553853318775
1.2542824675848168
1.9063871563696237
1.0025842003787235
5.327336000879886
1.0867762791130284
2.975554709407155
6.548635249586924
4.812608563658451
2.418008927947297
2.601074065186852
1.2751767566801913
5.340961250963006
1.4886835598903418
2.9904484816628294
1.313664146336453
1.5989407582738138
7.676420734808757
3.940933933445625
-1.8214900979246162
4.153591997541912
1.988296236789778
0.7766269532221514
6.1436564419871775
-2.686007808274587
2.605504504466044
1.2282565112308563
-1.8637352050582274
0.6873131605908074
3.089853047547252
4.841662009928152
6.246764478469576
6.788639069956292
3.825428002563223
1.2313369550101898
-3.88634310009167
0.3151078350713257
1.5490146427326175
-2.4808683950598285
1.950198009615486
-1.4390794495424026
1.6991309805662307
1.6396214641643825
4.173615471775493
0.9021761408913281
0.7789586676686665
0.47802064006978867
0.969251534247323
5.231934483900522
0.3777482669679045
-1.8412308866633813
2.1537370438361116
-1.7245530317973823
1.9111199345832877
2.3341976893641583
1.4787308615895018
-1.3475667794311224
1.9399993870713819
1.5647072798482577
2.6145819793407554
5.067034312141938
1.411683052166849
1.8110058812439596
2.7207704105944206
3.917415326556827
-0.5362010411507203
1.0424295154357472
-inf
2.253536384769477
-9.493486965553233
7.5381191805089705
-0.35013223539053756
1.3686562697812608
3.7546886951848015
-0.3023602833096445
-2.4616965744729304
2.2346030040025298
3.141272134041917
2.530405916855864
4.987282530861056
2.490618284844545
-1.8319509494520325
2.7081589856604884
5.0277564360840215
3.5312268109162304
-0.3209583408641336
2.415174047121572
-2.3725956515772246
-inf
3.337073914835081
-0.5165552559886443
-2.361001269521805
1.6665231098594437
1.693769301889368
3.2761312164330354
1.1970991615516575
-0.7931370552807476
0.7939622800731845
0.5634293910541265
-2.0992645176549996
-2.9044170076637754
2.8139352422286827
1.2949184675622882
1.5393461870704643
0.5713131869044895
1.9961797092010078
1.493643117813696
1.4783024345222502
1.2701491238064748
1.4449610972940845
-1.9542434897363554
3.1306769055535515
5.631541562870908
0.08926678458870436
0.2599276267295135
1.310177612574157
4.282514517240478
1.610977105702637
-0.9593763773495779
0.43789346399091655
0.5547438381526132
1.4842018307713931
3.5681657875493586
4.8825778222748895
1.8302519380858533
1.088142944021911
2.6393767829676054
0.989441021868115
-inf
1.8344573497950025
0.17926145698178966
4.168600374310888
-2.7827441716163266
3.0228508566807273
-0.6621419401227081
2.4066340709551906
-2.9045585452915024
1.4518849892939716
6.353275834896191
7.230347395838347
4.701604856186636
6.144165222407119
4.303373806075155
0.928584891071195
1.430235226499954
-0.48362532348487497
0.344918845775216
4.085630135556866
-1.5451904764597306
0.6325775896613637
0.014501609765739363
2.233329322247482
1.6223163926513173
2.62299940120547
0.840862903370141
3.8889191559285416
1.5655481428768272
0.8898709033829758
1.7137747326660524
1.3924160680053308
0.34136412885969764
1.7040345817969498
6.161845963024251
0.30603697888673487
2.789370966358738
1.505252924408357
-2.5988223346141726
-2.5052623598963386
0.1319607057376143
3.4332724812404463
3.2464875263807222
0.5464705477452271
1.146260301000825
-3.6936372589287094
1.5113414821024793
0.649320723606407
1.283568656146386
-3.1709809578799932
1.6588375056904017
2.2079756071836476
1.7934827671747449
2.9103218646092106
0.3745769239223512
2.2241219744048215
4.3188015977705225
-2.337029522523846
2.134790662942305
-1.1099501287367228
3.668560136754399
1.986094912332945
-4.333981885490009
5.676124227785321
0.8359155352909663
1.5200590142205639
1.1778850096738147
2.0103639780902594
1.1878455111440338
-0.1811399096800518
1.8679644013034185
0.8960806636231698
1.135292013086022
0.43263270710462015
1.6598310459973697
0.35244361050157075
1.0132836244583086
1.103772515233486
0.9991167339414438
-6.2284214773256945
-2.823303283075323
-1.7739406967709972
2.7737304732301546
3.0608017949751667
5.549947384107934
5.622244983398628
0.5141746885945112
-inf
0.48859124452680536
5.047383458627587
-3.6340325653845786
-2.2117550538470128
2.7879886421211237
1.8112405269135048
5.350654735789938
-0.18012303548659298
0.8670289291013055
1.2508999211955238
-0.7228560874681836
-2.0494399650468584
4.442755367897796
-1.809292597681329
4.9756143729198925
1.464431727610879
-1.46413793055854
1.7868417092967874
-2.3698767277076116
-5.975139549058995
-2.565238116380992
1.6189353512188207
-0.8926202415370282
-2.9301798355889725
-4.5432919839043535
2.225347321920151
2.0058686593326187
5.602685984201239
1.5337246849756423
4.7219390562503865
0.8847222700183738
1.956714734964934
1.7723215053507917
1.65747849620585
3.2418312672557983
-inf
-0.8777713926939423
3.3115682182962214
2.1906026637039395
1.8143801016529906
0.19048082845260303
-inf
-3.7097254063469576
-0.18609771636849978
2.0830717583732072
2.600306745862757
-1.8224460462320193
-0.2950582565377257
-3.7694632152142704
3.604188470290582
5.540827799376166
0.41962935939317714
2.0607277510162367
6.007653651735162
1.5510765125540313
4.3985455786785375
0.33990155615778217
0.43031818153976303
-0.027508914263246448
-3.915162123845364
2.6057997912005897
0.9684779234402354
5.970702205206517
1.4283306077269873
4.918928705745976
-1.7004661446929723
2.9561368285426552
-1.8446137651765002
2.1114245867933246
-1.867705413219538
-2.173907171217264
1.2692662871492855
1.6671675058202127
5.8032611607472795
2.7791702294993463
-4.1977118592823155
0.2547737971913223
0.8506492422387134
3.74989309120344
-0.44287798698932995
2.2912575464719382
0.8822825592328302
0.5137932439433767
-2.46496079763733
-8.254693262967326
3.37729305812391
0.24158367244232648
-1.3626823534419454
-0.6058729907996944
1.0349503479745286
1.1976857793214308
4.175688147912665
-3.3389798904763213
3.5925864675181387
-0.7171671052460583
2.2881084011552986
0.11901051689676304
4.850630016750657
3.305246192220978
0.911004591353188
1.4999863748996356
2.170397194743927
0.7939622800731845
2.1942291374382763
4.060149081345904
-0.8045565487402732
4.558009099899037
2.6112878254625786
-0.7701324401239323
-2.983196319196681
1.4507221779801727
3.3381728400259805
0.3438777241672234
1.00895251816603
1.0769845167057914
2.3550740151717644
1.4491282074196383
-11.637677206294187
-7.526972109747205
0.6515125800774825
5.3711557118807045
-1.6682284343408538
4.120432080039363
1.0474760656919746
0.7750755459424551
1.352036766922153
0.3585251203637688
6.1385563028494206
5.060658785248761
4.9873884992610815
-2.190537932185342
0.21909864302041612
2.10448948197486
0.2849833987645717
2.5627873003384485
2.693092450855434
4.24526727662439
1.3823781527737429
2.3126867553202346
5.612367659613295
2.2752851094919557
0.6181817725242027
3.7506695959541023
1.843494352349081
-0.20541048638889117
1.7779259673138235
1.6944355585175026
4.996220478351179
0.00762007515935148
2.1420350329365325
2.1108271734133237
3.5530500170684247
1.6332862587426362
5.5111411891282645
1.5765413829533712
1.798856243110147
4.295968954968685
-0.8751669123018747
1.4836411765426507
4.209476087843802
4.612059037562735
3.5228304993349377
4.296981929635814
2.7989517046023
5.21392271015684
4.672381792697895
0.6112964651905488
1.4032054721457323
2.2492409384866745
1.3362310856670299
2.460721245441836
6.064943035292908
-1.717085359220329
3.5354562539407404
1.8451759929114482
-0.18049911437188054
1.7914683554755848
-1.0756257994805334
1.6998868588519676
0.12402693426829903
1.9413099330666255
3.8385295992053168
0.7909433924048755
2.049572665907475
4.903089700516618
-1.3915810431608944
1.1716088422345485
0.9806748754894121
0.7820259866061402
2.4782852411199796
4.826998207148613
0.8034881089856726
3.141398292117483
-9.312908265053297
4.049129900045881
3.159425741741775
4.335053659482798
1.8914097501896194
1.1558914166712966
1.5976066004221225
-2.1463134177825522
0.18748765124428832
1.4536602465531452
-0.6771311064935245
0.5167595944239484
0.8061129296085084
3.1335140217925206
1.4225449977808753
-5.162996433999223
2.538778299678126
3.935594007248005
2.9156621160723435
0.2185447788450166
-inf
3.611208503779057
1.5737632905459744
2.7931707257923026
-1.5910706222394975
5.489173894290605
1.469431564143958
1.4718324726883742
1.6134022084242825
-0.19657144132315377
1.4874963212350387
2.547251774037463
0.9735341602463916
0.8033016343501501
1.028967018258441
2.647820061490884
1.4044843368637439
-0.3294208699422422
1.1003469115858118
2.8927818693618748
2.2771588787987787
1.9483287678412617
2.7961462547674083
6.82640579805742
4.669900570078265
2.743948691302969
0.8782453890543761
1.6785267201514882
2.2587526462251613
1.4273017816623932
1.952571955547082
4.750200893019657
-2.2969092392052977
-inf
1.5165995246286579
2.0916564613084856
-2.098229180387877
1.3145293743915938
4.473407161434037
-0.6428829381289016
0.8103349209403328
6.9688087511719745
1.7840353249620233
1.8117907871268732
-4.486534534721325
1.8458703257913465
1.6547527502585764
1.4094803294713902
2.484886054071076
2.506411350331985
1.713964080982548
2.5890560907346556
1.0888184713440336
2.7324262730752125
-0.32277150702928153
1.4913965244735148
-1.3011122290957025
0.6449888422173446
-1.6579805057954349
2.7544466259082614
-2.8279636323697632
2.0747359150413596
6.4254795983015685
0.41961732707662286
-0.08784932851788707
1.6637437859153121
1.225430187773793
1.02662784437532
4.259858311865003
3.822422732959499
1.2993066639937814
2.277158782371843
5.5881632841424524
3.5307599597572628
0.13658265073785364
2.1929779177108664
-0.22441175688616802
0.5893278406525856
2.7736019371267524
0.36587310811209056
0.4780784952707498
5.783848054547045
2.212278091908403
0.7267643084706897
4.918687869465573
-2.5521506658143718
-1.4942645032042012
-2.9125340803447806
-1.138553660108643
1.1611999853145445
4.460790400921459
-3.2259874344416613
0.129629233385852
1.9350655573401625
-0.43244305916630565
2.7774195594252387
-2.1991350097896465
2.146312811298606
-inf
3.174514077111067
-1.2287292662191098
-0.8137074218262218
-1.8622746350265778
-0.5336678336704055
2.652014635364025
-1.5880966718879903
-3.8853990148725135
1.0148785614646407
-3.908099151415742
1.158413942023941
2.566188388862741
2.3077992441246638
1.9565386483812293
-inf
1.8930054186766008
1.5642182114270993
1.8706259035823853
-1.3855389355616232
0.7946366834675475
-3.1386011917033843
-1.6409631139578589
-2.1425439264549726
1.5373205860693684
-0.2613060670128244
0.7763185385663446
0.6676810545814144
2.8431255201438383
1.9228155464790662
-4.907211249526781
-2.2891427447273967
3.8000805321051714
1.8096930768621677
-1.3400206782506543
3.5226283690015943
-0.050855209773688625
3.352840879898721
2.6538386108254315
3.8056339870019675
4.907920236142539
-0.2549407546325161
0.9086408338393092
3.041905263016024
1.6991309805662307
4.7210151069414925
-4.44177274881195
2.2089672141755456
0.19612564701500798
3.6937889492914877
2.8745593441059993
-inf
1.4664473110693996
1.4814583397457026
6.135313199851294
2.384048527171071
-0.24162571487812864
-0.7469159141129481
0.08543409594606363
2.6599237582170625
-inf
-0.8292172879288355
1.7850490301152449
4.707702034381106
0.6867249592055059
-0.15500658006710621
0.6671984276730594
-2.2842632654172097
-0.5687385177718741
5.500684384227969
1.3732992545147455
1.2614180206049752
2.135304415566653
1.5248802318843413
2.3396293012775873
5.533883873886812
-1.7732348513994634
0.5850085360254632
-4.66728116113547
1.0820413390084158
-2.0139905475382784
1.2116417935425925
2.3519911331830277
1.602983526539137
2.543301608864968
0.4166037213053234
5.245984140554582
-1.055098963584057
-4.164676811659584
0.48982250368115215
1.7863653645072421
0.727979670759234
1.2367826691079686
-1.8414942369868652
1.0394513682757769
0.7345503371899035
5.289875674753379
0.6706571763418926
1.9778865214807475
0.9476141583099499
2.7582652054396846
2.246298304110206
1.410577011105132
-1.748030313438232
5.295395906584112
2.5596879437563755
-6.8607700399125084
4.740145822499463
-4.398194715651368
5.831538715093498
1.7816361739460032
2.0855042303299567
3.68338004550879
0.2564454989887691
0.03744310610553281
0.8574081789691449
0.0758402577208966
1.9304738440298888
1.6986205103033336
0.3719159207920351
1.1547777052739736
3.9209017837494393
6.1597538663574785
0.8344310029578407
4.5677607306601775
0.010878266885491053
-0.9907332713956919
-2.2160632539940472
1.4514874822563286
3.9227346263421277
3.342932747081389
2.0112180912613775
-2.4708286072969092
2.4062346667674888
-2.510704722012939
1.4885499588248599
-inf
1.4337705664447251
1.5271499828390416
1.4309036337431051
-0.8359443978208333
-0.40647909135534166
0.9681035577936392
1.6114883102952269
5.948923396291734
5.495358022757089
1.1028777495385766
1.2102956428449567
-inf
-1.042082549407035
5.6805451124852056
1.2128212443345574
1.0941688946000059
2.4449826087757094
2.0756550954789423
2.3068951412566068
0.9243238933592771
-0.6493657629320652
3.3407118538742435
1.351157097308824
1.8698386470975175
1.8698386470975175
1.82632396725843
1.1976367306901754
-0.669457198609594
0.9058045770926849
-1.4390794495424026
3.825428002563223
2.1042805399723163
6.195686751109991
2.8084018795913215
0.7870344339022947
2.5969627971908156
1.9471400676276998
1.5063576827175886
1.483454513091032
0.7832183584286815
0.5218755736980444
2.295487058770179
-0.29080482633436777
4.017993565393575
5.017304417178084
-0.03757866149056174
4.769426262193921
0.7268683428767126
-0.7908376786539663
4.4239467235902294
5.929095046257855
-inf
2.4290782556259334
0.7204750022258318
0.42510715733137766
-0.054396315188669914
0.34537033641685
1.6799550655149358
3.627595349988546
3.3286470499480547
1.6780716329350083
1.7192777168984164
1.6539063652522803
3.1770703413992463
3.4184908363438895
3.157115978560305
0.657576595762435
-3.4604187214020303
-6.116728441199635
3.6966102033940755
0.684449481485576
2.5993299388229163
-inf
2.61308341565987
3.1034983895781663
1.261043043569849
3.7940777573307853
1.0109558505797211
3.874738256935281
2.2587526462251613
4.911681246865321
0.9436158244933391
2.298304587480601
2.3191402936507295
1.3709798403972646
5.126988750566622
0.5305731885358881
2.382761111700878
3.0689716271338363
1.9564582450711876
-5.338493607795855
2.2515336163984587
1.6450912036825613
3.237850056537626
0.5487781815254972
-0.16491952137966678
2.2835992048024294
-0.7358744512540233
2.2500209870238104
3.0802619300888052
-0.14547983338313838
-1.1299804527263388
2.0324683853845023
4.516140262375767
-3.033759440666039
1.9830045117937711
0.9692062691009918
4.525073626618057
-1.3063779021785
3.5053367698841416
1.1775813055322952
-2.13883483503765
2.165453092330667
6.140202446925101
1.247362173142205
2.4062346667674888
-2.510704722012939
1.379722775449781
-3.4403594416220793
-inf
-2.477409453898994
0.11218266161976573
0.9559825793889378
2.182340140742021
3.052641478246862
1.1799418963152737
1.202873206241917
1.2982976030099167
2.6328659110686603
1.9268566552616022
1.6207475426707858
6.180775362745501
0.3371179130243763
1.6868828901826465
3.479330207119256
4.692226788924277
-5.74189248752526
5.703833433695796
-1.169095120782881
1.8417727372593318
4.942699186454925
3.8669673903302764
0.7293346040821985
1.8955755533725105
0.2958449449524819
0.9143490998031236
1.508483317696031
0.260768812701505
2.0319846673729507
1.5248802318843413
2.003255884205722
4.6825793959452096
2.4062346667674888
-2.510704722012939
0.9174961908820537
1.1899999472207028
-3.286234666694514
2.354058036601124
1.6080617675707929
2.5895312768780494
0.6428394970154094
1.9452005005306132
0.15099775444656863
1.4906608775850365
-1.4975457944728365
4.297249058058071
5.179574540987022
0.3038048083042234
2.75153796019619
-2.8006959294311526
1.754722663747235
5.616822633087288
-2.9876827968744384
0.5139134912607418
4.993876542697184
-1.3568386718782828
1.2639786254203873
3.525688392580507
2.1482211127981516
1.428189306179683
1.29863218103288
1.7989260018655175
2.5033547363771698
-0.4298343995733448
1.056221887269123
3.5494596034321573
0.08202269317329777
-inf
-0.015664748785135282
-0.02582692718811122
2.763611290081596
2.950834504285207
1.1810553740030971
-0.1119413102266108
-0.09547270875855751
4.271286839672075
1.0560531432708549
1.7081114925700922
2.128387590817357
2.926146360660058
4.471133799835478
0.9008913309671219
4.871856819787254
-0.804271801412822
1.2241343143384367
-1.7286280006030112
0.3610297072659413
-0.854163706842766
-2.95089189123682
0.8169935316001115
1.048680770614233
1.9920060183904553
5.283319419692684
3.5044989677854996
-0.8797574393313804
1.1518358100797181
0.2566032939669124
0.8011338753881051
-1.8905701738820924
1.899467396603599
-0.8552663277701773
1.3943849402210124
2.7481072568915854
2.627423829805574
1.8969824876825112
0.9568805641180144
1.1370363768443263
0.7039271632604581
1.7357820330198228
1.2444881845529323
-2.1212783164079343
1.7654713183719783
0.6690344586128286
1.9704520157964422
1.5230151479331115
1.8697259045054229
1.6338205794705465
2.3644351476126713
4.998062040505571
1.7127920173320235
0.7437546999189489
1.7116484493169533
0.08849086884655935
2.2587526462251613
4.340583003800267
0.26662579216976307
1.3220440335569945
3.6085059454356863
-3.6197885185486203
1.6797946728134185
-1.4625098442774442
4.189548057491135
3.5746485578620266
0.7812159645080906
-5.968034481374772
0.32712963242559884
0.9743074775503294
2.989830711916751
1.2020302970539705
5.149594263036926
1.4356543115434377
1.582623917855805
1.1531281075583328
1.4886835598903418
2.64455314368367
5.057513175750548
2.830085445423014
-1.604996411699934
1.367636646815221
3.9695969347708306
-11.44042333591459
2.3739108567183016
0.44024720873388945
-4.388737625251317
2.201524780301167
1.7407489681900767
2.4694651442068922
-0.886410679428412
3.1880504657291775
6.134428228666901
1.9614656197067388
1.1899999472207028
3.9439993388378114
1.8803371478465252
1.9580093033832864
5.303003236465236
0.7939622800731845
3.585594789951562
1.9279178526219232
-0.3317441536933991
-1.0462139339732655
4.566356388513674
2.1706463518287755
-0.035463822752418134
1.9425806179197826
1.3226489779629276
2.615695442764707
1.5442861131578534
-0.3078580224213949
1.2187287850008994
-2.68609677285808
2.0267267462435687
0.9321194022073137
3.4479074130276097
2.0102163355065965
1.4006516217235752
1.5361280215812598
-1.7441461274583507
1.8634722720915429
-2.7658672817186933
1.7859425701318412
1.5248463347045986
-0.928626418084491
5.48584763410763
2.6548830176320553
5.095702617778742
1.7074430086222494
1.3322408987989895
0.355301736534309
-inf
4.0753354873440415
6.739812237003997
-2.138814060118073
-inf
-11.521642033657086
4.97243659946723
2.6586234962133326
1.7298073355702088
-2.0959072002765855
-4.506258771372589
-2.2454786998638148
2.463590144869714
2.286874673005928
1.9747890516879787
2.295249911768795
-2.808321412106567
4.157492066937305
2.1376246013077327
0.5728217161988619
1.9640644966707945
2.5049105642410874
1.1899999472207028
3.1595408752531418
1.4136528998215214
5.3104972837775
5.71285790347909
2.060692983591562
1.756894635153088
2.9747480646776934
-1.9394138187423011
-3.039493804540378
-2.9811949218934517
2.4104352216039326
0.3272646014566959
1.057089304758858
6.972497819704934
0.5675336887618728
-1.547701174450763
-4.305084444198704
-2.9177805420726877
2.4703123782566285
4.865910141488979
-9.30148411485886
1.811469783404759
3.681358722400074
1.1465282839849988
-0.46730120918751406
1.865162147830021
1.2412388999376882
0.527824965352177
0.5341516747675467
1.904380935806545
-inf
1.7615063618252078
-0.724917412457709
-1.0491923276345987
-1.8431793673171801
4.891688155325973
-5.403969189793265
1.1493650524659895
0.5334797510888086
-0.18592500259014108
1.8237781484199713
-2.645219457510282
2.946297886164942
-inf
0.01819533962647879
4.3398958704590695
6.2713142557541985
4.648579500493653
0.9496147977650705
2.9265531001560534
2.7373189040858237
2.377462929139732
1.4870314310306556
1.7533867914686994
-0.8331914700828652
0.8406073220112135
1.3120110743973663
1.9040083422750094
2.8879968846359585
3.283262144622335
1.8870630704253475
2.0522722851769024
2.233887669826137
5.423574665552665
1.1288946137996207
0.11617526785905714
0.32998104290549024
3.797243192198647
1.7739131123934493
-0.1777560691881414
1.936743943616756
2.060692983591562
3.539007438197504
-inf
-inf
-1.6822365453131582
0.8087794944430899
1.7731713380007301
1.8073919515011883
2.1840874372090076
3.21739815884155
4.188626238042458
-0.045864017562400244
3.063309396822767
-1.6196424798134808
0.8642248289999447
0.9420749986480556
1.1960548620306664
-inf
-1.4777624930781552
-inf
-0.544053500990998
-inf
0.23524116865019232
1.0722408563670387
1.7235860744637728
1.4203257700128835
1.8012024801717141
0.8932545811957581
-3.989259580014037
1.5919090002945646
-0.5902082953682318
1.8530026711296763
1.5508629895508652
-5.702507919153241
0.5945401009665909
0.6716213105301748
1.6033863148000902
-9.427392529369905
-inf
-2.935485823302187
1.2091028403111483
2.673517142579837
-0.8613122981521112
-2.8714540258245065
1.7787606196902395
1.2645018960948193
2.444901491291347
2.088580696447516
3.6952387150136916
1.6017022504358334
-2.14617932904162
3.0106083406761606
0.9501968849650374
2.8235809256000417
4.440920614337095
1.127386313282873
2.1462908412958184
3.8207664751418617
1.9176847483992534
2.1376246013077327
0.5728217161988619
5.117331796406146
-6.713368793606552
-7.920859054347935
-2.118505788220415
3.5312268109162304
5.242886659680579
-2.6067099561381384
2.5310145242523805
0.749214143785423
2.9515585951557344
1.4391208311690191
-1.7972112111532839
3.6566800094205787
1.9638242360889857
1.9965352439044806
1.495667361502593
4.815628517539249
2.7646647694678546
1.6653404867857662
0.34414995999044434
0.9154289412631738
-2.4770368411622363
6.133663018512512
2.078130433536295
0.7789254142423889
-6.80501998706027
-1.4600252062680017
0.29355176108370534
-2.5226764734049274
-inf
1.169781209463379
-0.8574089368604811
1.580763857431174
1.490565243850126
4.595607814929086
0.3554473402646615
1.1132068608001335
-3.7633923931938096
1.4184418077262868
2.9102932231577308
1.4921581462309337
2.1588313839846505
1.8338515001957472
0.8085178174216282
4.916684138886551
-1.5377442247769797
1.0249391046133567
-inf
1.606267979267859
1.2480496519880682
-1.638142526907385
-inf
-inf
2.4240178083587858
-2.1089549045113665
0.7261227719764314
-inf
4.574102329681745
-7.077347963097615
-2.246005678131201
2.548360420291173
0.9546922821063645
2.2286500565930356
2.2886915402399257
3.6052798638657233
1.9357182872085774
-2.6348402509026143
2.2635553508935615
1.1244599084709972
2.4377837846101116
2.3836563637265433
1.121036952795171
0.6932057505873531
2.8559621916611944
0.49917060702039195
-2.1991350097896465
1.840980648373919
4.912518466076713
1.7991921244136881
1.3030108311257311
2.1813074374508292
1.122794178124012
1.042746586080164
3.530694077623018
2.1937074819916
2.729269076141978
-inf
-1.9159445388207699
4.680581842950772
0.7485701053411583
0.9816077018385477
-2.1219749237212877
2.274908667233067
1.370946067475223
-2.2900054888510786
-3.8355478996241352
1.219924106872674
-0.12389841715568709
1.3631080064305452
1.2806263337346828
1.3311475810903342
2.2839493228321617
1.430623858849871
-11.201315017662592
1.2119307656645213
0.7719324290402848
1.4879778821854788
1.8353183125411385
4.630888243745465
0.7556325940328662
1.7320474552880443
4.82332252313898
4.894011027969102
-9.912599127438671
2.69326778967806
-0.39064749691332284
7.58260456051631
0.3280611108213397
1.9011279871116782
3.21739815884155
3.110681527928826
2.4062346667674888
-2.510704722012939
-0.44690573158949815
-1.8456036368652158
0.3187604687862514
-0.9211930401517044
0.8009266846091293
1.4874175263663159
3.168182629533
0.48057088142747684
1.2236113263112278
2.745727511158587
2.4616272960232495
-0.7126023284839237
-0.5208107258695224
3.204260417171714
1.1459277495016722
-3.2468647368030013
1.7019729902694258
0.5154979778259329
3.79064509564264
1.1899999472207028
1.2987901406215205
0.7084895869091704
1.936743943616756
-2.013465506352076
-0.1981437138242998
2.2582364252924787
1.6017022504358334
2.587040382197146
3.5773592736245265
2.4062346667674888
-2.510704722012939
3.683830632527264
2.088580696447516
3.1676769604816806
6.743391768613283
-2.5028067851680733
3.8808026702934404
1.032102200677221
3.863645982005297
1.043688260497822
0.644655875475587
1.1899999472207028
5.493286558096658
-3.2091347966947206
-1.686635721885509
-inf
-5.882822559684105
5.7144364160148635
0.2740571830114043
4.221431852861699
3.3624871272984924
-0.9749877005008503
-1.91974741596793
2.7086651038103318
0.5334829561644956
2.7872967802335866
1.9418397763462083
-2.095337275847399
4.405272251022119
0.5154865782698782
2.9875964345403436
4.1864964902342585
0.170437922687307
2.4922106816832397
0.9939577895689145
1.2381991019379694
5.967071510833615
1.2517097429161148
1.5244365530754758
-0.3447373745414776
0.2879761866489593
1.1761621214588305
3.13943258224894
0.3924480837914888
5.385160306516563
1.8345104834684518
-2.089856665258317
-5.797786363860171
-2.777168825375056
-0.999235170552614
-3.061311576262405
-inf
0.2003535437932581
0.6642437872394391
3.9665468210797115
1.371294053529307
1.896245421934639
-2.5674652909387317
0.48885199472388396
0.061912954156969735
1.1899999472207028
-inf
4.690433110981053
0.2721531354460001
2.3948469237986902
2.363555575382027
1.817217627491015
-2.174819944781842
-inf
4.689715411722468
-0.6329856464575437
-1.065821911145402
-0.3447373745414776
3.21739815884155
1.7066430436320346
1.9905233275646885
2.3305921941847263
1.3383659102939156
0.9083081623091404
1.2222921591814073
3.324604287328473
2.981243331199101
0.6950090746080204
2.9737644276682405
0.9047033575307878
1.7497006116516072
0.34547685633509995
3.21739815884155
-4.187088991465457
2.2600593996369387
0.09074711735734955
5.038235124169668
2.202900559610216
2.112003126721454
5.161418086878684
5.069856796764995
0.13236279474503523
0.5916621371105797
-1.3776994210432472
4.309467690658986
1.8649353281459726
4.415460048584021
0.6051570009375461
0.8787098016836545
0.7978136068005331
2.1006514695519094
3.4367923662948616
0.6203200477296998
-4.470795337313906
2.22736423689564
3.1330015388456633
6.285900443771916
2.0565934637204366
2.1410198164909096
4.519741067305816
5.997483535561892
4.267734546179133
6.264557433691295
3.973536606635634
2.2504231687641982
4.68250830338521
2.5572392882475414
1.7143246903122797
1.9104733906114804
-1.4847198182761292
2.5481541534824634
4.193664739901588
4.9896058865648385
0.7461387894547186
-0.784168573280888
2.156130558695649
-11.521642033657086
2.6388324161622245
6.31226914317057
1.2650375684900752
-0.7730176618404683
4.831200086232067
2.1116312317610655
-2.66617550203325
-inf
-inf
1.018515900510203
0.3836035688719023
5.7144364160148635
3.882978022650369
-0.5478553745081135
-6.762047167591379
1.0445634176256389
2.265508026824044
4.232138958265882
1.3995056002943251
1.7612643672122605
2.484105551213273
2.924556913079979
2.2272279882088974
2.4062346667674888
-2.510704722012939
-0.44690573158949815
1.7482792256768345
-0.17177298204464492
-2.209893463808306
2.405290197304339
-11.231752973437834
-2.5885463187905544
-0.005745968744075038
-8.116610350922917
2.7936954776014105
-2.9652540483798697
4.938549858133112
-0.9754584793819628
1.4337331041691455
1.984521258837683
0.496896906012099
1.905157763803986
2.8129086153738414
5.221327616391435
3.2786401715106117
4.559724594311082
3.6052798638657233
1.8408962139653395
0.9175712062605343
-1.0236049890491792
-0.03770090688010434
1.3680012919463476
1.6767794426336515
1.5244365530754758
1.9453130561904495
4.881400724946969
0.8441596206194787
-0.843274698835998
-1.143486920697389
-0.6604746512718803
-2.4772659240722286
0.7453565049109078
1.8388143234805185
0.2749269812629088
-2.089856665258317
2.7532422760440074
0.9480886333166118
-3.0955152700952993
-2.5674652909387317
0.9572965365982632
1.1675872730674106
1.71664747761562
3.5102009987703444
7.648525203372353
5.485237734036948
-3.0984393741253196
-2.405143317672203
1.6737150716155023
2.2286500565930356
-1.9343584602007913
2.2022758543125813
0.9563995136817295
0.7067251320115457
0.07742197367526063
4.4971550498837765
4.788468013161936
-0.6250833937231238
-3.447172453062147
4.961205044791156
4.512415986075925
2.424915239374819
3.567751409745134
-4.320132060995708
4.183276691769194
1.0830395956456238
-0.5076170651835966
-0.1034290678563844
1.2650375684900752
2.3840680230691307
2.4083920026362002
-0.6225420485348346
-3.807208033159637
-2.707039579951429
-4.804794697604599
-4.732020107046603
5.549786108139402
-inf
0.9635569051619338
1.7302830990944458
-3.8864694306502914
0.16733118780199707
4.204661328649231
6.104545177995662
4.2813299278881685
2.2746600626596907
1.6788346695261904
-0.02418029530935055
2.8192090258747897
4.941372475451517
4.467579346777805
2.5049105642410874
7.559376432609787
2.1479170039892557
-2.681150692292877
-1.9721924540306528
-inf
1.459619548618276
4.739881180731145
-inf
-inf
4.400648260339766
-0.3620292432257805
-2.1884908097287736
1.0337236725314114
5.953766480740797
4.657705606315564
3.2156756053457567
-2.4804502678272518
1.5728998151184987
2.61625595112878
1.5927969019750856
0.8846912670431414
