********************************************************************************
STREME - Sensitive, Thorough, Rapid, Enriched Motif Elicitation
********************************************************************************
MEME version 5.5.5 (Release date: Thu Sep 14 08:48:04 2023 +1000)

For further information on how to interpret these results please access https://meme-suite.org/meme.
To get a copy of the MEME Suite software please access https://meme-suite.org.

********************************************************************************


********************************************************************************
REFERENCE
********************************************************************************
If you use this program in your research, please cite:

Timothy L. Bailey,
"STREME: accurate and versatile sequence motif discovery",
Bioinformatics, Mar. 24, 2021.
********************************************************************************


ALPHABET= ACGT

strands: + -

Background letter frequencies
A 0.295 C 0.207 G 0.209 T 0.288 

MOTIF 1-GATAACTGRCAACTGRDA STREME-1
letter-probability matrix: alength= 4 w= 18 nsites= 28 E= 5.8e-002
 0.039878 0.077643 0.651395 0.231084
 0.957864 0.001144 0.039404 0.001588
 0.001629 0.077643 0.268901 0.651828
 0.996113 0.001144 0.001155 0.001588
 0.996113 0.001144 0.001155 0.001588
 0.116377 0.804381 0.039404 0.039837
 0.039878 0.039393 0.039404 0.881324
 0.001629 0.001144 0.995639 0.001588
 0.537120 0.077643 0.268901 0.116336
 0.116377 0.613134 0.001155 0.269334
 0.919614 0.039393 0.001155 0.039837
 0.996113 0.001144 0.001155 0.001588
 0.192876 0.498386 0.077654 0.231084
 0.116377 0.039393 0.115903 0.728326
 0.039878 0.039393 0.919140 0.001588
 0.613619 0.039393 0.345400 0.001588
 0.192876 0.077643 0.383649 0.345833
 0.690118 0.039393 0.001155 0.269334

MOTIF 2-WTAGTACADWYGYACT STREME-2
letter-probability matrix: alength= 4 w= 16 nsites= 63 E= 1.1e-001
 0.474139 0.000506 0.017418 0.507937
 0.000720 0.135768 0.017418 0.846093
 0.998282 0.000506 0.000511 0.000702
 0.000720 0.000506 0.964257 0.034518
 0.119075 0.000506 0.017418 0.863001
 0.829204 0.000506 0.000511 0.169780
 0.000720 0.828989 0.000511 0.169780
 0.879927 0.000506 0.017418 0.102149
 0.406508 0.118860 0.203404 0.271227
 0.271245 0.152676 0.118865 0.457213
 0.017628 0.355570 0.034326 0.592476
 0.017628 0.000506 0.947349 0.034518
 0.152890 0.389386 0.000511 0.457213
 0.981374 0.000506 0.000511 0.017610
 0.000720 0.998067 0.000511 0.000702
 0.017628 0.000506 0.017418 0.964448

MOTIF 3-AGTGGSTAGTDKCTAKW STREME-3
letter-probability matrix: alength= 4 w= 17 nsites= 49 E= 2.5e-001
 0.867771 0.000648 0.109010 0.022571
 0.109279 0.043991 0.845831 0.000900
 0.282648 0.000648 0.022326 0.694378
 0.022594 0.000648 0.759146 0.217612
 0.065936 0.000648 0.910844 0.022571
 0.000923 0.585770 0.347393 0.065913
 0.000923 0.000648 0.043997 0.954432
 0.997798 0.000648 0.000654 0.000900
 0.217635 0.000648 0.737475 0.044242
 0.022594 0.000648 0.000654 0.976103
 0.217635 0.000648 0.434078 0.347639
 0.130950 0.022319 0.542434 0.304296
 0.000923 0.564099 0.217366 0.217612
 0.000923 0.000648 0.022326 0.976103
 0.824428 0.043991 0.065668 0.065913
 0.109279 0.000648 0.585777 0.304296
 0.434347 0.022319 0.000654 0.542680

MOTIF 4-TGTGAGTAGGCAAA STREME-4
letter-probability matrix: alength= 4 w= 14 nsites= 24 E= 2.6e+000
 0.001840 0.303744 0.001305 0.693112
 0.001840 0.001292 0.692622 0.304245
 0.304291 0.001292 0.001305 0.693112
 0.001840 0.001292 0.995074 0.001794
 0.952402 0.001292 0.044512 0.001794
 0.001840 0.001292 0.995074 0.001794
 0.001840 0.001292 0.001305 0.995563
 0.995609 0.001292 0.001305 0.001794
 0.001840 0.001292 0.951867 0.045001
 0.304291 0.001292 0.692622 0.001794
 0.304291 0.692610 0.001305 0.001794
 0.693158 0.001292 0.303756 0.001794
 0.952402 0.044500 0.001305 0.001794
 0.995609 0.001292 0.001305 0.001794

MOTIF 5-AAAATTCGCDTAWTTDT STREME-5
letter-probability matrix: alength= 4 w= 17 nsites= 25 E= 2.6e+000
 0.995609 0.001292 0.001305 0.001794
 0.736365 0.130914 0.001305 0.131416
 0.995609 0.001292 0.001305 0.001794
 0.995609 0.001292 0.001305 0.001794
 0.261084 0.001292 0.087719 0.649904
 0.001840 0.001292 0.001305 0.995563
 0.001840 0.865439 0.001305 0.131416
 0.001840 0.001292 0.995074 0.001794
 0.217877 0.779025 0.001305 0.001794
 0.433914 0.001292 0.260549 0.304245
 0.045047 0.001292 0.130927 0.822734
 0.693158 0.001292 0.001305 0.304245
 0.563536 0.001292 0.044512 0.390660
 0.045047 0.001292 0.174134 0.779526
 0.001840 0.044500 0.001305 0.952356
 0.304291 0.044500 0.433378 0.217831
 0.001840 0.303744 0.001305 0.693112

********************************************************************************
Stopped because maximum number of motifs (5) reached.
********************************************************************************
COMMAND:	streme --p /home/davide/Desktop/motivo8.fasta --nmotifs 5 --minw 14 --maxw 18 --o motivo8_streme --bfile /home/davide/Desktop/Chroococcidiopsis_sp._CCMEE_29_GCF_023558375_intergen_background_model.txt
********************************************************************************
CPU:		pop-os
********************************************************************************
FINALTIME:	2.17 seconds
********************************************************************************
