********************************************************************************
STREME - Sensitive, Thorough, Rapid, Enriched Motif Elicitation
********************************************************************************
MEME version 5.5.5 (Release date: Thu Sep 14 08:48:04 2023 +1000)

For further information on how to interpret these results please access https://meme-suite.org/meme.
To get a copy of the MEME Suite software please access https://meme-suite.org.

********************************************************************************


********************************************************************************
REFERENCE
********************************************************************************
If you use this program in your research, please cite:

Timothy L. Bailey,
"STREME: accurate and versatile sequence motif discovery",
Bioinformatics, Mar. 24, 2021.
********************************************************************************


ALPHABET= ACGT

strands: + -

Background letter frequencies
A 0.295 C 0.207 G 0.209 T 0.288 

MOTIF 1-TCAGTTRTYAATTAH STREME-1
letter-probability matrix: alength= 4 w= 15 nsites= 45 E= 6.9e-001
 0.324893 0.000745 0.000753 0.673609
 0.050882 0.947331 0.000753 0.001035
 0.872917 0.000745 0.125303 0.001035
 0.125612 0.000745 0.723147 0.150496
 0.001061 0.000745 0.000753 0.997441
 0.025971 0.000745 0.000753 0.972531
 0.573995 0.000745 0.424225 0.001035
 0.001061 0.000745 0.125303 0.872890
 0.001061 0.648409 0.025663 0.324867
 0.972557 0.025656 0.000753 0.001035
 0.474354 0.150206 0.200034 0.175406
 0.001061 0.299667 0.025663 0.673609
 0.001061 0.000745 0.175124 0.823070
 0.673635 0.000745 0.299674 0.025945
 0.474354 0.274757 0.000753 0.250136

MOTIF 2-CGAATGACCGATAAMHAA STREME-2
letter-probability matrix: alength= 4 w= 18 nsites= 28 E= 1.3e+000
 0.001630 0.995626 0.001156 0.001589
 0.192876 0.001144 0.613144 0.192835
 0.804865 0.192391 0.001156 0.001589
 0.804865 0.001144 0.192402 0.001589
 0.001630 0.039394 0.001156 0.957821
 0.001630 0.192391 0.804391 0.001589
 0.996111 0.001144 0.001156 0.001589
 0.001630 0.957377 0.001156 0.039838
 0.231125 0.766130 0.001156 0.001589
 0.192876 0.001144 0.613144 0.192835
 0.804865 0.001144 0.001156 0.192835
 0.001630 0.001144 0.192402 0.804824
 0.766616 0.001144 0.230651 0.001589
 0.766616 0.001144 0.001156 0.231084
 0.422372 0.574884 0.001156 0.001589
 0.384123 0.383637 0.001156 0.231084
 0.804865 0.001144 0.192402 0.001589
 0.613618 0.001144 0.192402 0.192835

MOTIF 3-CCCCAAAMTCTCBRCT STREME-3
letter-probability matrix: alength= 4 w= 16 nsites= 20 E= 2.6e+000
 0.002348 0.993698 0.001665 0.002289
 0.002348 0.993698 0.001665 0.002289
 0.002348 0.993698 0.001665 0.002289
 0.002348 0.938584 0.001665 0.057403
 0.773941 0.222104 0.001665 0.002289
 0.773941 0.001649 0.222120 0.002289
 0.829055 0.001649 0.167006 0.002289
 0.388145 0.607901 0.001665 0.002289
 0.002348 0.001649 0.001665 0.994338
 0.002348 0.993698 0.001665 0.002289
 0.002348 0.056763 0.001665 0.939224
 0.002348 0.993698 0.001665 0.002289
 0.002348 0.387446 0.222120 0.388086
 0.608600 0.001649 0.387462 0.002289
 0.002348 0.993698 0.001665 0.002289
 0.002348 0.001649 0.001665 0.994338

MOTIF 4-GAGAGTGCTAAATTGAVAA STREME-4
letter-probability matrix: alength= 4 w= 19 nsites= 25 E= 2.6e+000
 0.001841 0.001293 0.735828 0.261038
 0.736364 0.001293 0.001305 0.261038
 0.001841 0.001293 0.995072 0.001795
 0.952400 0.001293 0.001305 0.045002
 0.001841 0.303744 0.692621 0.001795
 0.001841 0.044500 0.001305 0.952354
 0.304291 0.001293 0.692621 0.001795
 0.001841 0.995059 0.001305 0.001795
 0.001841 0.260536 0.001305 0.736318
 0.693157 0.001293 0.001305 0.304245
 0.995607 0.001293 0.001305 0.001795
 0.693157 0.260536 0.001305 0.045002
 0.001841 0.001293 0.001305 0.995561
 0.001841 0.001293 0.001305 0.995561
 0.174670 0.001293 0.649414 0.174624
 0.693157 0.001293 0.217341 0.088209
 0.261084 0.346951 0.260549 0.131416
 0.693157 0.001293 0.001305 0.304245
 0.693157 0.001293 0.303756 0.001795

MOTIF 5-ATTATYTTCTGATWA STREME-5
letter-probability matrix: alength= 4 w= 15 nsites= 19 E= 5.0e+000
 0.942454 0.001563 0.001578 0.054405
 0.002225 0.001563 0.001578 0.994634
 0.002225 0.001563 0.001578 0.994634
 0.994689 0.001563 0.001578 0.002170
 0.002225 0.001563 0.001578 0.994634
 0.002225 0.367208 0.001578 0.628989
 0.002225 0.001563 0.001578 0.994634
 0.002225 0.001563 0.001578 0.994634
 0.002225 0.732852 0.262753 0.002170
 0.315635 0.001563 0.001578 0.681224
 0.002225 0.001563 0.680632 0.315579
 0.942454 0.001563 0.001578 0.054405
 0.002225 0.001563 0.001578 0.994634
 0.367870 0.001563 0.001578 0.628989
 0.994689 0.001563 0.001578 0.002170

********************************************************************************
Stopped because maximum number of motifs (5) reached.
********************************************************************************
COMMAND:	streme --p /home/davide/Desktop/motivo9.fasta --nmotifs 5 --minw 15 --maxw 19 --o motivo9_streme --bfile /home/davide/Desktop/Chroococcidiopsis_sp._CCMEE_29_GCF_023558375_intergen_background_model.txt
********************************************************************************
CPU:		pop-os
********************************************************************************
FINALTIME:	2.12 seconds
********************************************************************************
