********************************************************************************
STREME - Sensitive, Thorough, Rapid, Enriched Motif Elicitation
********************************************************************************
MEME version 5.5.5 (Release date: Thu Sep 14 08:48:04 2023 +1000)

For further information on how to interpret these results please access https://meme-suite.org/meme.
To get a copy of the MEME Suite software please access https://meme-suite.org.

********************************************************************************


********************************************************************************
REFERENCE
********************************************************************************
If you use this program in your research, please cite:

Timothy L. Bailey,
"STREME: accurate and versatile sequence motif discovery",
Bioinformatics, Mar. 24, 2021.
********************************************************************************


ALPHABET= ACGT

strands: + -

Background letter frequencies
A 0.295 C 0.207 G 0.209 T 0.288 

MOTIF 1-ARCWTAAAAYTKCTKTA STREME-1
letter-probability matrix: alength= 4 w= 17 nsites= 34 E= 1.6e-001
 0.996379 0.001066 0.001076 0.001479
 0.605540 0.001066 0.391914 0.001479
 0.001517 0.995927 0.001076 0.001479
 0.392356 0.001066 0.001076 0.605502
 0.001517 0.001066 0.249791 0.747625
 0.996379 0.001066 0.001076 0.001479
 0.747664 0.249781 0.001076 0.001479
 0.996379 0.001066 0.001076 0.001479
 0.960848 0.001066 0.001076 0.037010
 0.214702 0.498496 0.001076 0.285726
 0.037048 0.249781 0.001076 0.712095
 0.001517 0.001066 0.605099 0.392318
 0.250233 0.747212 0.001076 0.001479
 0.001517 0.001066 0.001076 0.996341
 0.001517 0.001066 0.640630 0.356787
 0.001517 0.001066 0.143199 0.854218
 0.712133 0.001066 0.107668 0.179133

MOTIF 2-CDATTGABAAGDTBGCWR STREME-2
letter-probability matrix: alength= 4 w= 18 nsites= 44 E= 3.1e-001
 0.001064 0.847685 0.150214 0.001037
 0.299983 0.050567 0.374403 0.275046
 0.848002 0.000747 0.150214 0.001037
 0.001064 0.000747 0.025664 0.972525
 0.001064 0.000747 0.000754 0.997435
 0.001064 0.000747 0.997152 0.001037
 0.773272 0.224937 0.000754 0.001037
 0.001064 0.299666 0.374403 0.324866
 0.698542 0.000747 0.299674 0.001037
 0.848002 0.150207 0.000754 0.001037
 0.175433 0.000747 0.673323 0.150497
 0.275073 0.000747 0.324584 0.399596
 0.001064 0.000747 0.025664 0.972525
 0.150523 0.299666 0.349493 0.200317
 0.125614 0.000747 0.847692 0.025947
 0.001064 0.673315 0.025664 0.299956
 0.349803 0.000747 0.200034 0.449416
 0.324893 0.025657 0.648413 0.001037

MOTIF 3-CGCGATYGCMAMAGCTG STREME-3
letter-probability matrix: alength= 4 w= 17 nsites= 35 E= 6.2e-001
 0.094657 0.685340 0.032052 0.187952
 0.032438 0.000933 0.934224 0.032405
 0.001329 0.934215 0.063161 0.001295
 0.001329 0.000933 0.996443 0.001295
 0.996829 0.000933 0.000942 0.001295
 0.001329 0.000933 0.000942 0.996796
 0.001329 0.654231 0.000942 0.343499
 0.001329 0.000933 0.996443 0.001295
 0.094657 0.623121 0.063161 0.219061
 0.467970 0.249808 0.094270 0.187952
 0.623517 0.156480 0.218708 0.001295
 0.467970 0.280918 0.032052 0.219061
 0.779064 0.000933 0.032052 0.187952
 0.187985 0.032043 0.529802 0.250171
 0.063547 0.654231 0.063161 0.219061
 0.219094 0.000933 0.094270 0.685702
 0.312423 0.000933 0.685349 0.001295

MOTIF 4-MATAAARATBTGACABAA STREME-4
letter-probability matrix: alength= 4 w= 18 nsites= 27 E= 1.2e+000
 0.498774 0.456830 0.042671 0.001724
 0.830111 0.001242 0.166923 0.001724
 0.001769 0.001242 0.001254 0.995735
 0.995779 0.001242 0.001254 0.001724
 0.995779 0.001242 0.001254 0.001724
 0.954362 0.042659 0.001254 0.001724
 0.498774 0.001242 0.498259 0.001724
 0.871528 0.042659 0.084088 0.001724
 0.001769 0.001242 0.001254 0.995735
 0.001769 0.498247 0.249757 0.250227
 0.001769 0.001242 0.042671 0.954318
 0.291688 0.001242 0.705345 0.001724
 0.664442 0.291162 0.042671 0.001724
 0.250271 0.746750 0.001254 0.001724
 0.912945 0.001242 0.042671 0.043142
 0.001769 0.291162 0.249757 0.457312
 0.912945 0.084076 0.001254 0.001724
 0.871528 0.042659 0.084088 0.001724

MOTIF 5-CAACTAGATTAACTTT STREME-5
letter-probability matrix: alength= 4 w= 16 nsites= 28 E= 1.2e+000
 0.001769 0.995252 0.001254 0.001724
 0.747276 0.001242 0.001254 0.250227
 0.995779 0.001242 0.001254 0.001724
 0.001769 0.995252 0.001254 0.001724
 0.001769 0.249745 0.001254 0.747232
 0.788694 0.001242 0.208340 0.001724
 0.001769 0.001242 0.788179 0.208810
 0.995779 0.001242 0.001254 0.001724
 0.001769 0.249745 0.001254 0.747232
 0.001769 0.001242 0.001254 0.995735
 0.995779 0.001242 0.001254 0.001724
 0.664442 0.208328 0.125506 0.001724
 0.208854 0.539664 0.249757 0.001724
 0.001769 0.001242 0.042671 0.954318
 0.001769 0.208328 0.208340 0.581564
 0.001769 0.291162 0.001254 0.705815

********************************************************************************
Stopped because maximum number of motifs (5) reached.
********************************************************************************
COMMAND:	streme --p /home/davide/Desktop/motivo10.fasta --nmotifs 5 --minw 16 --maxw 20 --o motivo10_streme --bfile /home/davide/Desktop/Chroococcidiopsis_sp._CCMEE_29_GCF_023558375_intergen_background_model.txt
********************************************************************************
CPU:		pop-os
********************************************************************************
FINALTIME:	2.29 seconds
********************************************************************************
