********************************************************************************
STREME - Sensitive, Thorough, Rapid, Enriched Motif Elicitation
********************************************************************************
MEME version 5.5.5 (Release date: Thu Sep 14 08:48:04 2023 +1000)

For further information on how to interpret these results please access https://meme-suite.org/meme.
To get a copy of the MEME Suite software please access https://meme-suite.org.

********************************************************************************


********************************************************************************
REFERENCE
********************************************************************************
If you use this program in your research, please cite:

Timothy L. Bailey,
"STREME: accurate and versatile sequence motif discovery",
Bioinformatics, Mar. 24, 2021.
********************************************************************************


ALPHABET= ACGT

strands: + -

Background letter frequencies
A 0.295 C 0.207 G 0.209 T 0.288 

MOTIF 1-ACTTTTGACTTWTRACWWM STREME-1
letter-probability matrix: alength= 4 w= 19 nsites= 35 E= 1.6e-001
 0.996493 0.001032 0.001042 0.001433
 0.001469 0.996056 0.001042 0.001433
 0.207336 0.001032 0.001042 0.790590
 0.241648 0.001032 0.001042 0.756278
 0.001469 0.035343 0.172598 0.790590
 0.001469 0.001032 0.001042 0.996457
 0.207336 0.001032 0.550021 0.241611
 0.996493 0.001032 0.001042 0.001433
 0.207336 0.790189 0.001042 0.001433
 0.138714 0.001032 0.001042 0.859212
 0.138714 0.138277 0.001042 0.721967
 0.413203 0.001032 0.138287 0.447478
 0.001469 0.001032 0.001042 0.996457
 0.447515 0.001032 0.550021 0.001433
 0.756315 0.001032 0.001042 0.241611
 0.001469 0.996056 0.001042 0.001433
 0.378892 0.001032 0.001042 0.619034
 0.344581 0.001032 0.001042 0.653345
 0.344581 0.481388 0.172598 0.001433

MOTIF 2-AACTGRYAACTGRTAACTGAT STREME-2
letter-probability matrix: alength= 4 w= 21 nsites= 34 E= 6.2e-001
 0.868287 0.129397 0.000975 0.001341
 0.996719 0.000966 0.000975 0.001341
 0.001375 0.996309 0.000975 0.001341
 0.001375 0.000966 0.000975 0.996684
 0.001375 0.000966 0.996319 0.001341
 0.482993 0.000966 0.289946 0.226096
 0.001375 0.354152 0.000975 0.643498
 0.900395 0.097289 0.000975 0.001341
 0.964611 0.000966 0.033083 0.001341
 0.001375 0.739446 0.000975 0.258203
 0.258238 0.000966 0.000975 0.739821
 0.033483 0.000966 0.964211 0.001341
 0.258238 0.000966 0.514701 0.226096
 0.194022 0.000966 0.000975 0.804037
 0.836179 0.161505 0.000975 0.001341
 0.804072 0.000966 0.193622 0.001341
 0.001375 0.739446 0.000975 0.258203
 0.226130 0.000966 0.000975 0.771929
 0.033483 0.000966 0.964211 0.001341
 0.964611 0.000966 0.033083 0.001341
 0.161914 0.033074 0.000975 0.804037

MOTIF 3-GYAGTWTTTRTAAYMMARA STREME-3
letter-probability matrix: alength= 4 w= 19 nsites= 23 E= 2.5e+000
 0.049318 0.001422 0.947285 0.001975
 0.002025 0.663517 0.001436 0.333022
 0.900582 0.001422 0.096021 0.001975
 0.002025 0.048715 0.947285 0.001975
 0.002025 0.001422 0.001436 0.995116
 0.616827 0.001422 0.001436 0.380314
 0.002025 0.001422 0.001436 0.995116
 0.002025 0.048715 0.001436 0.947824
 0.002025 0.001422 0.001436 0.995116
 0.380365 0.001422 0.616238 0.001975
 0.002025 0.001422 0.048729 0.947824
 0.995167 0.001422 0.001436 0.001975
 0.947874 0.048715 0.001436 0.001975
 0.002025 0.663517 0.001436 0.333022
 0.616827 0.379762 0.001436 0.001975
 0.616827 0.332470 0.048729 0.001975
 0.947874 0.001422 0.001436 0.049267
 0.616827 0.001422 0.332483 0.049267
 0.758705 0.001422 0.001436 0.238437

MOTIF 4-AAATCTGTTGCAKTYCGA STREME-4
letter-probability matrix: alength= 4 w= 18 nsites= 28 E= 2.5e+000
 0.996235 0.001108 0.001119 0.001538
 0.738361 0.001108 0.001119 0.259412
 0.554165 0.001108 0.258993 0.185734
 0.001578 0.001108 0.001119 0.996196
 0.001578 0.995766 0.001119 0.001538
 0.001578 0.185304 0.001119 0.812000
 0.001578 0.001108 0.995776 0.001538
 0.185773 0.001108 0.258993 0.554126
 0.185773 0.001108 0.001119 0.812000
 0.038417 0.001108 0.958937 0.001538
 0.038417 0.701052 0.001119 0.259412
 0.701522 0.001108 0.001119 0.296251
 0.001578 0.001108 0.480028 0.517286
 0.001578 0.001108 0.258993 0.738321
 0.001578 0.553696 0.001119 0.443608
 0.001578 0.701052 0.295832 0.001538
 0.001578 0.037947 0.701063 0.259412
 0.959396 0.001108 0.001119 0.038377

MOTIF 5-AAGYWGCTASMGWCWGGGKWG STREME-5
letter-probability matrix: alength= 4 w= 21 nsites= 21 E= 5.0e+000
 0.995167 0.001422 0.001436 0.001975
 0.995167 0.001422 0.001436 0.001975
 0.002025 0.001422 0.994578 0.001975
 0.002025 0.663517 0.001436 0.333022
 0.333072 0.001422 0.001436 0.664069
 0.238488 0.001422 0.758115 0.001975
 0.002025 0.994564 0.001436 0.001975
 0.002025 0.001422 0.001436 0.995116
 0.995167 0.001422 0.001436 0.001975
 0.002025 0.663517 0.332483 0.001975
 0.333072 0.663517 0.001436 0.001975
 0.238488 0.001422 0.758115 0.001975
 0.333072 0.001422 0.001436 0.664069
 0.002025 0.947272 0.048729 0.001975
 0.333072 0.001422 0.001436 0.664069
 0.002025 0.001422 0.994578 0.001975
 0.002025 0.001422 0.994578 0.001975
 0.002025 0.001422 0.758115 0.238437
 0.002025 0.001422 0.663531 0.333022
 0.333072 0.001422 0.001436 0.664069
 0.002025 0.001422 0.710823 0.285729

********************************************************************************
Stopped because maximum number of motifs (5) reached.
********************************************************************************
COMMAND:	streme --p /home/davide/Desktop/motivo11.fasta --nmotifs 5 --minw 17 --maxw 21 --o motivo11_streme --bfile /home/davide/Desktop/Chroococcidiopsis_sp._CCMEE_29_GCF_023558375_intergen_background_model.txt
********************************************************************************
CPU:		pop-os
********************************************************************************
FINALTIME:	2.37 seconds
********************************************************************************
